6075
4782
3455
5283
9056
7427
1972
5983
502
7032
7831
9468
109
5848
5614
9262
56
1215
8546
430
4537
9228
7185
7647
5689
6408
2649
3682
1930
7025
3280
4556
4881
862
1277
7789
7777
4037
6939
3601
1685
6549
6042
8789
8912
7339
7511
9418
5130
6132
8049
83
3259
7585
2238
7562
1917
8219
2847
9122
44
7303
9405
2432
2133
6625
8119
912
6355
810
5746
9440
8128
7044
2292
1738
6626
4886
7660
3319
6328
3956
5018
3436
4345
2894
5717
2405
8495
8110
2517
1057
6563
1310
3951
339
4351
9374
1097
5210
5094
6280
3815
4890
9367
4515
7395
1198
9155
232
8085
9236
7227
138
982
7915
4057
5638
7768
3012
9245
1545
2802
1713
7448
1382
8357
5985
4174
4820
12
297
3795
9256
7012
221
4566
8331
8955
2395
7668
7337
1586
1207
2651
5313
6438
1533
6525
6357
3076
7236
5721
6104
8141
4082
3881
5350
5682
4676
4711
1371
1973
678
588
8173
3207
1642
4454
2225
2027
2782
2051
7827
4992
8780
9368
4208
5269
1793
216
7445
4443
3391
7203
2452
5347
2904
7764
533
7510
5482
4743
694
3963
2638
7946
1949
5896
1141
5562
5317
5611
7647
7113
4033
6230
2093
4767
235
6517
7572
7656
4239
715
5272
3998
5661
4421
716
6645
1213
8657
4100
7115
1290
2882
6446
4101
1645
7730
9376
194
7366
45
5692
2188
100
7197
238
8446
1001
7383
8460
2805
9359
8400
9015
2441
4785
6871
6736
4837
3867
7042
7538
8765
3733
2845
4243
4680
2517
1789
2121
8548
8619
5400
6760
5155
7215
9281
8400
7253
3499
1969
3956
2873
166
2791
5805
5479
5116
6169
567
5340
9318
4693
6082
60
931
4440
1497
7600
5562
2397
6189
4350
5993
2146
3651
1569
6893
576
7343
899
5713
4387
4558
3666
2265
1444
1628
7859
2291
2453
1637
5642
7388
5264
4278
8203
7297
5734
149
3034
357
8356
3929
3769
6901
8126
3992
2531
152
8731
5613
1937
9048
4942
8144
8549
6386
2611
8764
7592
8753
7619
4216
6010
1996
2452
5481
1414
9236
5973
2184
3230
3976
5681
8725
4177
5882
4627
326
7899
5958
4496
959
7901
6018
739
8159
4710
1266
4553
4298
4614
2761
905
5308
1959
3733
5959
8446
9012
3832
5984
6506
7326
8105
703
9405
5034
2927
1172
9103
109
1257
4973
496
4066
5551
171
1349
5753
1234
3464
858
8467
3244
9315
6923
2988
7302
8887
927
7421
1117
2033
7177
8884
47
3056
4951
4516
9198
7360
8607
6287
2097
7981
2749
5806
2745
2430
3207
6043
2006
9305
8834
2548
8486
6267
1215
5662
3750
6086
20
8752
4399
7867
1331
4661
2174
2776
6804
1756
4091
577
6193
8616
5770
9000
8480
9468
9442
2257
6647
3491
5738
272
2140
2331
8989
3051
6575
5305
1812
5048
7624
1251
2918
78
2742
6222
3872
4476
6736
6225
1285
2556
7236
1313
621
7857
747
6437
9309
5910
6485
5820
9432
4220
237
1276
4080
5754
5775
5478
2178
5213
2465
8256
7109
5774
489
911
3904
4373
2719
8184
1588
5353
9166
5208
920
8644
4961
2416
8859
1713
8687
919
1308
9327
7868
558
8365
5098
8858
2172
6321
233
4152
6108
6689
582
8818
7119
1355
6365
7701
2686
4522
5013
1605
3403
5609
9292
8954
8414
7978
3453
9288
410
8067
6895
4341
8086
8165
2911
1589
5364
291
7415
8660
2737
5573
5850
820
2611
7551
4421
2819
2128
1662
7297
4720
7853
5387
833
559
2402
6715
8535
1489
1235
6216
218
942
8066
3451
7163
5674
2711
3971
4776
260
1404
5684
1751
2328
4555
4202
611
7989
7953
8996
545
1066
2963
5437
3248
8726
1757
7508
1303
8943
1646
9320
4148
8661
4593
5925
9384
755
1818
7805
5677
6372
2417
1107
6644
1303
4716
3216
826
2853
3826
2230
7022
4643
5222
8358
8111
7692
446
6555
5784
5654
9123
3534
1521
1206
43
8304
7754
6463
1763
2281
7851
5470
7768
190
1123
5415
57
89
3297
782
1973
7778
4384
6713
5660
3056
130
7361
4036
5351
8657
7721
6910
5161
947
6417
2618
1685
2869
8982
4761
9315
1259
1736
6755
4530
8235
7678
1605
2280
4498
3060
7152
1088
8414
5578
7414
2773
3074
5469
1231
607
6416
4861
4554
7751
8608
6177
2633
7874
6811
2028
3394
9272
4312
2498
607
669
7327
8431
5559
6631
8516
8978
2684
9276
188
1586
7515
4894
7291
8349
5025
9214
3251
220
6167
2059
7157
8065
2448
3652
5777
9194
7406
1978
3656
4429
6817
3747
8230
2503
287
8676
6977
105
7059
3171
7375
3636
2298
8724
2909
4983
3416
318
6714
1370
4199
1129
1626
2375
8477
6597
5253
5560
2258
4677
8801
1323
5852
3026
3741
4108
3782
7411
4034
7533
4495
1081
7418
7061
4676
6219
7038
3690
9279
9165
6979
6837
4405
7850
7423
7650
7379
5301
3416
1088
207
8592
9327
8898
3707
6901
3715
2560
8595
461
6109
365
8101
8887
7166
9366
7900
937
3010
8124
3451
7916
5624
3282
9467
3314
8061
4262
7157
2663
8825
6732
8323
5253
2281
7771
1032
7795
9237
3545
1830
7513
7033
6605
3969
657
3982
5371
8065
1858
5034
5334
2036
6927
3069
4427
6381
6927
4638
8668
2156
8150
8191
5516
5523
1096
8652
3827
4337
858
1842
1905
8389
868
779
7025
2094
5687
2455
2386
8791
8242
7517
1214
9122
4393
9257
2125
2611
3760
1905
1719
295
197
343
6276
8644
4248
6445
5916
1944
9087
7326
1133
7819
727
8567
8270
4080
6129
9452
7965
7767
7604
3999
8521
6264
215
3156
8090
4824
501
6076
333
4362
3735
9166
2351
4176
8713
6508
2794
380
1567
4714
1854
4237
4781
8855
6377
7574
8487
4460
54
6098
1924
9426
5556
7825
6099
1708
372
4334
9203
3807
7928
7763
2768
7487
1781
3227
4448
2429
4631
1544
6346
7032
6050
1586
1123
5113
5991
7107
5998
41
4013
6922
8741
4985
3444
4891
513
4886
4219
6989
2434
6921
6424
1831
9031
6140
5640
8044
2902
1095
4984
4632
1068
227
9157
186
6864
994
483
3889
3855
3275
5245
4851
8586
7822
2201
5615
2819
7422
4558
2294
282
3845
2212
882
6146
8806
8989
1837
8256
4567
3826
4844
2441
6511
336
8284
7053
5595
4144
5785
4217
647
149
6871
7645
1753
1222
6950
9206
2152
1712
6533
8602
1708
9150
6060
1744
6589
3583
9325
4909
5784
5099
4248
985
8149
3408
2853
1311
7238
5931
6695
1604
1324
4017
3322
9278
2874
299
5475
4134
5176
708
5978
2848
786
2336
4648
7932
1479
7422
6484
6837
7046
161
8123
9024
9458
623
7496
7463
6499
490
8595
5484
8053
7593
2892
480
9342
9446
929
8449
7501
7862
1240
2229
8377
1271
8063
3407
2874
3944
2085
5573
272
9035
1475
6909
4961
8236
1000
6444
7277
2440
975
4987
1753
1728
7674
1299
5922
637
7149
4728
1396
1951
6089
8427
7505
9050
8358
1069
3704
185
9175
7114
7874
5640
6449
6343
9096
8812
4536
128
1306
5568
5596
6515
4993
446
2624
4146
7433
2937
3363
2185
9111
3447
5685
341
1369
5111
734
3301
2291
5046
6500
6363
6613
1997
7026
4260
8447
586
5052
2011
6409
6407
5824
9055
202
8122
5043
2430
7300
3349
6601
174
6739
1866
4660
4868
6291
570
5850
951
4325
2842
8413
3155
3372
5364
3719
342
8663
9219
2031
7465
9279
1496
6736
7375
3960
8489
2303
1706
3184
1309
4541
2238
6283
7442
6547
1337
763
2925
113
6958
2944
7139
8672
3614
65
1737
7925
182
2173
2238
3133
2371
4204
872
8940
77
2466
9011
4669
8285
5459
258
7815
7773
5100
6192
1483
8529
6325
2322
5303
2567
2440
4866
9211
5201
1639
4553
1397
3850
7997
3128
6249
7549
2854
7206
2882
116
1236
4707
3547
7728
7832
7111
2674
5473
3731
8188
7924
8866
672
7565
957
8472
4785
3562
6868
3964
6154
3693
6678
7422
3831
6244
7874
6051
3004
1598
921
2278
2874
3979
1192
1409
7609
7598
5327
5982
4093
88
4281
1449
1830
1148
2790
2005
6590
8065
3739
8379
7697
1021
2587
979
6977
8392
6900
1901
4400
738
1012
3937
1089
5859
8372
4856
5803
4884
310
1
3978
5214
918
1824
8459
3151
9403
594
7117
2056
1177
6001
3099
6459
2096
9254
8770
8977
9490
4994
7621
6413
813
2902
8885
9254
8388
4474
236
7374
6010
3593
8169
3267
1367
1024
2144
4095
1024
4586
4663
1979
3529
1255
6334
8837
7762
8647
6601
3389
3464
8606
6477
3580
3094
8223
4057
1124
5373
8641
7225
2888
9075
8771
2980
1836
365
1800
3523
9347
2562
7527
1488
3045
263
1856
5923
4039
824
4691
539
7932
7472
4067
4323
7860
6939
7986
4405
2619
3629
8240
5028
6418
64
952
492
7113
133
1139
552
3976
1893
6045
833
1758
7403
6501
6860
8083
5233
2435
2723
6376
7518
5774
7039
1030
2787
7727
35
765
7714
5815
8121
4466
5625
3944
7540
4044
6730
545
4442
6954
8056
347
3076
2370
831
8581
2559
3396
1272
3219
1547
933
4667
3923
7128
9128
3790
5401
31
9411
6038
9348
2177
6763
3455
460
7463
7508
5198
3860
6302
8302
275
4978
4536
5098
5416
2137
7788
7838
7386
7225
5702
2150
5088
7164
6629
5442
5909
2619
5652
7275
6322
3466
2678
8054
6043
2415
3069
4603
3658
5940
6084
9195
882
6272
5065
2252
6976
8272
7731
9484
7229
1630
5925
7012
5186
4929
8310
9166
3174
4834
464
6904
9490
1235
8138
6148
3440
871
3671
2754
6747
9323
7429
4864
3240
5948
6727
4243
4983
8105
5341
5303
1827
3132
8778
8926
5055
4495
8018
3939
3033
2477
7359
4222
5773
738
6549
6063
5084
1708
5999
1024
174
8284
2764
7055
5088
2982
7992
7089
2132
3650
1501
118
5589
9181
4592
3656
7232
2344
8510
2594
2149
7224
7274
3476
249
4043
3982
2488
6700
9148
5716
815
1362
7181
4987
6245
6409
2377
6422
8130
3391
1172
753
4499
4480
2770
4797
4936
1827
4378
1215
3362
6824
7311
7064
4158
1229
8338
2477
3078
8589
4833
7364
5227
3653
3412
7174
3689
7891
3018
7195
5007
2649
2264
1763
7517
8604
6556
4389
1460
6441
6850
1485
1902
5845
391
6218
7421
656
7531
3789
6074
4048
6151
901
2868
6248
4784
8814
4077
3686
672
7626
2659
8787
5654
1221
5636
598
2449
2219
3317
6783
8305
604
5438
9370
8276
6305
3246
1809
5041
4459
7968
7836
810
4074
3344
995
8849
498
7893
2601
5161
7740
7165
5367
6540
1408
1742
3627
2793
5962
8105
8712
8386
7875
5498
10
6780
2126
291
3349
5043
1946
2537
2666
3676
7870
7197
7471
1609
6882
3725
1571
6099
411
8449
68
9178
147
8382
6975
5903
8204
9130
948
7003
814
5088
2606
5664
3623
7667
1614
8238
7086
2002
2186
2109
1216
5479
2453
2619
8544
2969
3417
5776
2755
115
733
3338
2245
1088
7519
748
5787
4333
7649
2598
2590
4141
2457
9207
6597
1331
2336
3595
3302
3866
8358
8547
2535
3434
562
8365
4633
2317
6113
2002
4131
1379
6053
5204
7970
4458
7866
4687
1063
1709
5814
3244
8413
621
2601
9261
2384
2399
1382
4957
6694
3913
7561
2776
1419
597
6318
3213
2870
6431
1241
6818
9437
9185
6049
2962
8509
8182
4132
2296
4097
114
6267
1594
5538
1069
680
7381
6253
5578
2862
9032
7254
6298
536
5232
8598
4722
3606
7747
1970
3926
35
1526
7672
5343
8511
1141
6099
684
5335
3480
3230
7953
905
4066
9246
5035
6247
508
9362
762
706
6139
678
5365
39
4192
5760
9373
4594
4980
2096
8739
8127
3584
2360
5074
6544
8432
1904
5673
3580
7923
3918
2482
3642
4147
936
121
5904
1726
3776
863
4707
2784
2756
6766
7951
1639
8810
3993
4467
4656
9431
8209
551
8583
5550
1909
9468
8284
77
5494
4334
5492
4719
1496
2014
759
7983
1236
9251
3913
665
7141
6312
7535
8091
491
2713
1550
1372
2763
4320
9468
3445
7486
2423
9359
8846
6119
517
248
2032
6068
2006
1158
8746
1838
1227
6173
785
108
6783
8202
1502
5453
1990
5391
2492
7843
7026
2030
6851
3699
137
5475
9338
4374
3174
3925
7749
32
730
878
8353
7054
8473
3428
7651
7578
4488
1850
2701
5331
9407
6516
4338
645
6542
2709
3384
175
859
8403
1730
6223
4741
3840
5842
9273
4015
7204
5094
6640
9157
1895
5114
2739
576
5193
516
8006
7450
5037
2213
2072
826
7599
7680
7435
1340
5852
1615
5864
5322
4409
6547
8676
2091
7734
2548
8533
3594
7660
8897
7915
2492
5204
1587
4787
7447
3657
5152
8873
6702
7469
7365
980
1564
7578
7880
2814
1485
6326
4665
9011
6126
6919
2165
5517
6625
6249
3021
9222
7171
8060
627
6450
3656
6307
5157
6310
6037
7625
6195
5693
1575
4907
6417
1289
6494
8441
7356
1860
4886
3828
4594
531
5210
5502
8994
1538
4904
7612
4191
6453
8755
3608
9372
4669
902
9170
3366
1150
8937
7112
4316
5484
1884
7931
1733
416
5509
4267
4814
7457
7717
3226
3382
9147
1373
4682
9254
4636
2216
1944
703
7776
4323
7042
3980
9187
1038
7576
4104
5267
8282
2866
3244
6076
9219
4818
3880
1382
4372
5382
854
7854
2565
2383
4725
8679
4874
252
5411
6617
8702
591
9295
5764
9181
7662
6645
3243
8764
9167
5091
1529
7548
1106
9237
7443
5755
6269
1626
2897
6278
1316
2666
3373
2765
3217
2630
3563
6327
6024
3823
1644
9165
6113
7223
3749
4727
557
4638
9166
8850
6336
1284
647
4626
2683
3891
6262
6192
7853
8330
774
3200
2683
3020
8536
5426
8682
3440
5340
8486
7448
5191
1497
8250
5881
3627
681
4063
348
3211
6595
2352
9421
7439
1516
5464
1946
2685
6749
5340
3507
579
5833
8582
9202
6239
5181
5452
3271
6785
3110
1066
8574
2424
8512
227
1737
2425
3897
8140
8379
1839
1462
5069
4821
1405
8183
4349
8458
4184
7161
1789
5682
7860
8870
5768
6845
6706
5674
7231
9251
6623
8091
5724
5843
7515
215
3841
1757
1704
5687
6398
7504
7814
8162
1561
476
6063
4776
5189
3866
3931
4863
3899
2112
8916
4
1735
4370
3330
5951
113
5545
5136
9362
7202
5680
9468
7995
8603
2906
9189
2551
6492
6396
5583
8956
7699
3093
1718
5916
6857
2388
8373
4761
8285
3534
1662
7411
5123
7586
5069
8915
4583
3707
2384
5917
383
8203
7729
3588
2910
9436
4523
8503
1911
5446
6079
6462
771
5910
6630
5390
8132
1511
3244
8592
3034
2361
7812
5922
1368
8825
1666
1678
460
4787
5362
7354
3056
2779
8401
2394
8597
764
1292
3442
3668
4821
7356
5287
4031
7697
3897
4946
7392
7670
498
6282
7574
823
9445
4862
6043
1461
9096
4699
4987
1623
7110
2703
5751
722
3635
2952
1095
5432
6699
4744
5612
6277
8068
1487
9115
895
47
9489
231
1740
8279
5208
3528
1263
3688
3182
1990
8660
641
8537
7664
323
2994
3466
6061
7862
8341
3282
722
6113
2690
8189
1606
3942
6881
8317
3904
8185
546
5540
7156
4035
5430
7182
9101
5198
5139
4708
2713
2832
5846
8699
9351
4372
7809
6821
6544
4741
6978
5584
2840
3883
7964
7098
4097
9282
7609
4251
2181
1355
6089
107
1350
6377
3100
5246
8410
6984
1095
176
4926
6445
5938
598
904
8107
1573
8102
2144
8171
4007
3746
8601
2348
820
8243
5248
4464
8327
2618
3872
519
7795
3952
2044
5626
7804
131
1602
419
6964
8400
1017
1553
6937
5080
7428
4505
4255
3359
977
5481
269
401
9408
7792
7040
1294
5821
2512
950
5085
7654
7915
1102
7059
7447
6473
2730
4567
7600
6881
248
2860
1009
4586
4713
3237
607
4538
392
3507
5527
2052
3749
8646
7846
829
2264
3223
7750
1908
4091
7508
3290
7413
524
4009
5869
2162
4396
3404
6575
633
2396
367
8978
6293
1069
621
6596
416
705
8391
5972
9407
621
4166
5381
8660
4409
616
3798
8697
5008
5682
2346
7326
5656
4560
7555
3277
5160
4539
2935
9317
3300
4582
7966
4119
6909
371
7829
4426
2527
312
2215
691
4989
6428
3774
4934
3682
1796
7784
2111
1134
4342
3524
877
1896
2571
7809
9485
1229
1244
9050
5926
6148
1325
8821
5552
8449
7650
8190
3040
3140
1607
4888
6467
4323
6730
942
4419
8390
5284
4856
9363
9068
4971
4276
8712
2241
370
5896
5256
678
182
3314
7769
2793
7538
8791
6151
4067
3181
4801
4867
3010
3215
8214
1400
1848
6223
8145
805
3361
8913
8313
2842
1471
7986
4345
867
739
7407
8376
5461
4790
4175
4438
5026
6283
548
5878
1894
7872
1314
8992
1916
4589
2669
3528
6424
7505
5010
8587
2006
3561
4962
4021
8170
8315
1971
8134
8484
5042
1796
2703
5404
5188
7425
4268
7518
8870
316
8876
7128
5809
5814
6742
5367
2378
162
698
6043
5176
9015
7912
9133
7306
2140
152
4227
9126
4144
6428
7656
1954
2714
8432
3960
646
5453
6228
5909
5561
1875
7235
2923
7928
4162
9318
2526
3192
8796
6497
6978
5979
3116
6382
1115
4193
1371
1111
7318
3351
4202
5627
503
7776
1467
7176
6919
1499
8984
8864
7331
2151
3504
2739
5867
7701
4678
1649
2277
589
6595
2002
905
1856
5796
2122
3215
6071
7210
7260
7820
4122
4727
6780
3472
2319
9385
3882
7331
4516
243
7549
7859
2332
3094
9267
7241
1339
3940
2052
147
4962
4542
6360
5245
8958
9200
1346
8794
6099
5672
4665
7779
1257
7345
3021
2781
8803
5347
3719
3915
7265
5671
7600
4559
8402
4809
398
6385
5150
2555
9401
6646
2927
4015
858
6007
8739
9127
8287
4818
2895
952
9218
7701
4667
5512
5262
723
181
3891
457
6278
2770
6069
6268
3194
5255
919
2178
7097
5699
7181
7255
951
9033
7393
5683
894
2445
472
6365
866
468
1480
817
1259
8323
5346
5424
2360
178
4516
5124
912
7461
7492
2381
349
2957
8693
6673
8950
2029
7875
6829
4422
2176
211
4506
515
3325
7748
154
9169
6476
6069
6753
6084
120
5943
4854
1197
3489
8281
978
6076
5286
3715
1815
6554
7446
6244
6773
95
876
3624
3422
4474
6905
3324
6430
7416
3020
8940
516
9390
1666
4014
6178
1236
4757
3077
5771
35
1331
179
9402
4807
1095
6126
1897
4409
3298
8037
2350
2877
2542
5062
6320
7815
4224
8527
3258
967
4656
6936
6559
933
4296
2936
7620
9139
722
9198
8944
1826
734
3556
2678
1772
8381
1742
1323
545
6949
2234
2677
4423
8231
2630
5998
6728
454
8784
3279
852
7136
1234
7858
8237
3160
4886
1415
8797
4706
2860
5846
5181
1487
1890
509
6102
8567
7732
2275
8932
4111
6115
4298
391
447
7753
7861
8905
2936
8063
379
8412
2026
1414
3153
4343
3551
5177
7108
3331
4738
4843
3553
4784
7084
8209
8615
300
6236
1982
4626
4079
9373
2113
639
7288
6140
158
4267
995
8923
8991
7631
133
1365
8191
3097
4642
8927
4783
1327
2768
3972
5170
3504
2150
4185
4036
3674
4435
392
7419
1196
5094
1904
9087
2360
3114
2064
4479
4444
518
5897
2479
781
8515
1683
519
5379
8326
7073
3682
36
5594
9245
1501
391
7329
2559
565
771
3496
6863
4226
5191
3954
2567
3376
1868
805
6300
1324
3459
505
9382
3508
9347
7248
5100
2583
5743
6716
2124
644
2641
8279
9497
6565
6429
6540
4106
9488
5697
8241
2386
8510
4894
4434
6161
1065
5283
4846
6031
3284
5438
3741
5805
4305
4942
7115
1730
5192
4793
6561
8895
1372
7168
4508
7613
1051
5514
3585
7489
1460
8470
4789
7504
5395
2970
7568
7144
3077
7638
6953
4713
5579
3801
8192
6439
5488
5011
4552
4526
366
1965
5482
448
7636
337
185
1996
6933
2369
8310
869
1766
4757
1415
7633
2591
1166
3417
4715
4124
1934
9343
2284
2061
327
5551
3044
5495
672
3888
8133
8577
3008
438
7127
9490
3353
1462
8563
6649
7454
1399
5341
5607
6343
1870
4384
3276
10
8806
4291
1774
2191
5776
6318
1773
5003
1694
8306
2510
7941
4519
3077
845
6148
393
9456
6177
6857
5790
7223
3746
6140
8222
5864
4173
3514
2396
8796
7710
6891
5947
6543
313
9106
5460
7152
3689
4955
5914
2336
8229
4850
5060
1358
6966
7546
7766
6233
3876
6652
5201
7546
4387
4641
6033
5291
993
5516
5904
7146
7638
8943
3695
4896
2213
1496
8366
1352
8211
9307
2749
8252
8123
1957
5104
3814
1952
5848
243
9421
509
2657
738
61
7682
4857
6489
8783
7928
5176
5560
3102
8196
5769
2663
6699
2264
8515
7340
3073
2145
2792
3949
7833
4669
1661
6807
4158
6575
966
5563
7081
5172
3214
9007
3387
5269
6820
4634
8389
8474
975
6316
1896
9266
9077
863
6338
186
1481
9093
4884
7290
8048
6748
8527
57
1838
6530
5542
9134
7178
6819
7556
657
7826
3503
4068
8107
6092
6381
6903
7300
3227
6374
2770
6158
4274
4509
2796
3680
8428
909
5041
3295
1310
4541
7358
5037
8182
5956
3997
103
4276
7841
4695
1858
5333
1142
4439
5905
8476
2650
4199
3683
4244
8678
8720
6838
1510
8426
7289
9143
6631
4547
879
8602
2226
7176
5447
727
6916
3667
3023
1168
9418
7610
4422
125
6942
6008
293
403
7533
5708
6139
3319
9336
7990
5480
3334
8660
5249
4094
714
4429
6882
4027
4787
8685
2554
7641
3603
359
772
3455
5350
513
4686
7926
2174
6076
3720
2970
8175
1412
3376
6186
7417
949
4117
2179
2182
3433
4633
9129
1610
2103
2929
6464
2150
429
6142
2992
1703
6762
1456
1093
2730
6804
4231
4410
5557
8180
4719
3744
1220
9189
3829
2730
665
4439
1058
8591
3524
6720
1355
1735
3030
387
8896
1738
5431
6672
436
4537
7674
7676
6916
4692
9301
691
77
7052
5379
4389
55
6720
24
3239
4220
955
4320
8236
6780
9463
8411
2896
1017
6758
2915
4462
3675
1835
1447
6020
678
709
375
4007
951
3694
5992
777
1195
5257
2793
3888
3046
7166
8734
7631
7818
1151
1761
5129
7705
92
5182
2220
5765
6980
1498
1722
1522
3971
4768
1336
6370
9385
6655
3578
2386
5306
1435
6144
6519
3975
8932
6129
3003
9389
2555
9309
4711
9065
1059
1967
4478
8363
2773
9248
4421
3861
2023
2047
4036
5015
3583
9330
991
7849
7687
3610
344
9116
3531
3348
1191
1958
947
5834
3787
8061
7789
9028
46
4674
6692
1452
2860
1280
2687
1516
7413
2665
4007
5555
8788
5133
2428
7039
7871
440
858
4659
8968
5167
9255
2657
9154
6180
8550
3189
3856
7638
2616
7589
9007
43
425
4209
9288
5556
1755
8256
6380
4771
4878
3147
7537
9266
2316
2438
3922
2247
3317
2305
2788
663
7700
8982
5341
4398
982
6166
200
4414
2319
1710
2051
7529
6444
417
808
4084
6809
6391
9447
4303
1191
431
8387
5320
5656
6451
3522
3458
4472
6304
2125
1527
1135
9470
4914
19
927
5665
3051
8717
873
6806
4942
420
5874
9101
5077
964
1347
5021
8864
4982
6878
2649
2475
5323
4657
3633
4018
76
2805
6210
6049
5806
8423
7197
5895
2896
3189
4811
8177
7388
5655
7131
3755
6584
570
3335
4380
3138
139
5212
629
8575
2151
4236
3477
5848
2415
2525
4974
4801
8544
2462
8312
6698
4949
3419
4508
3561
5959
8761
3708
5452
8059
2018
919
1195
4712
7397
5505
8145
2072
466
4140
4005
6902
1300
7693
997
2155
4093
7508
4018
7281
4133
1359
1829
6443
9315
6449
3757
519
9182
5552
3781
5840
186
1724
8319
7827
567
4620
5940
7809
8914
6233
4905
1471
7507
6738
9267
4193
9169
1409
6422
7577
8466
1336
2340
7405
5402
4563
154
1539
9303
6889
7598
2680
8999
1840
6279
5937
518
9139
8289
6592
4132
2021
1146
5954
5697
9053
3251
3302
1683
2682
8313
7069
6636
522
2586
1171
5259
1453
1560
823
1693
1888
4332
5735
5660
331
6772
5087
7521
3951
6395
4532
1503
7414
3061
1251
5283
7512
1094
2534
7531
7837
7685
1736
6780
1425
1592
5200
7372
4711
2162
6724
6116
8056
8403
8722
403
5211
6958
792
1038
7928
6621
3673
7872
6027
2493
5424
2969
4041
940
7237
2291
49
4722
4223
420
4180
3023
3587
6616
4532
7756
3640
8037
4751
5738
660
3070
600
6630
9007
5826
953
1975
6683
9372
386
2848
5879
4970
620
1101
3800
6710
8194
5100
8792
8781
2672
3667
460
4894
6843
3113
824
5541
568
3908
1160
4426
3412
7184
1099
4182
6595
5718
2446
7570
802
5346
585
1198
2001
2887
2853
1103
7478
2140
7056
7247
8038
1167
5181
8825
1699
451
5004
2456
5791
7837
4900
2726
3763
3784
8717
6521
8085
3247
1367
692
5042
4444
8621
882
659
282
4333
2297
2878
7857
5041
4640
112
5978
5562
1833
7605
1918
1310
3333
3052
7594
1961
5506
2340
8157
1505
4708
151
8222
1844
1097
646
1813
7837
2287
868
5282
7287
2936
5553
131
5558
2739
920
7026
1340
2678
6648
8381
6069
5948
4243
6328
657
2792
7143
8999
3254
1947
2333
1600
926
9141
5724
2706
3493
8587
4550
771
4425
6501
1855
3311
3438
7763
5695
6265
8339
3983
8212
2019
7398
2320
588
686
8259
6618
8717
5037
7133
5852
4674
1216
5885
4502
4089
7687
8295
8778
2028
5671
8823
4840
7377
4173
2983
8554
2248
5638
5163
1344
2604
5018
2690
2444
1109
4162
3126
7337
9298
489
9412
9330
9358
5148
7123
3538
8850
877
5777
773
7516
1657
9322
5595
8911
1679
4962
5053
2672
9004
1896
4237
5961
5316
5940
2440
7291
7078
8762
2413
7878
5254
8903
8265
2818
4831
5503
1422
165
8929
6298
9014
9030
8561
859
8713
5267
3411
1856
6540
8494
7832
1248
9322
472
9339
6039
4759
7217
4778
7837
5902
894
9035
2876
2133
4771
4031
5402
1958
7296
995
9178
7152
499
8823
3700
6471
873
3669
3200
876
5893
3078
6097
5775
3705
1336
9291
3121
2705
8732
9441
8166
5566
4147
8076
5326
5783
1796
441
8933
5235
5308
5146
2819
116
950
7213
9104
4020
8854
5090
3469
6415
6345
422
1737
1544
2286
5846
5000
9042
5297
3617
4866
5216
3836
6715
6965
2847
1652
5781
7327
735
7941
3639
7152
8673
8171
3307
6152
4680
858
3720
877
6905
1895
8345
9473
9266
8238
2282
4879
5572
5197
9366
7294
7931
7367
7262
1505
4767
3302
2852
6250
9178
5500
2350
1296
3611
8545
7559
9409
7376
4330
1380
6846
6161
6550
6405
1323
4825
6476
1564
2973
6567
1809
2281
1823
8860
1889
2565
8322
7275
7995
6629
801
7507
2405
7039
2500
8146
3389
8015
8775
182
9131
2517
5284
2730
1493
3714
7905
9057
6262
3284
1394
3542
7494
2264
4549
7143
3563
150
264
3294
2773
7705
3677
5685
4551
7817
5629
5188
6440
7967
4461
5406
6764
754
9123
64
3800
7827
1807
7050
8964
3743
4151
956
6319
8505
8775
7869
3265
7414
1025
3917
7108
1936
8972
1631
623
8593
859
1574
1151
9141
6294
2604
9499
7754
1409
1766
1094
2190
4653
3910
6585
46
6350
7245
2785
7020
3664
1554
9022
3151
6868
5424
7347
8328
1298
608
1620
1894
1840
2324
5392
3442
2424
1103
5630
1795
3251
9293
6577
9109
8029
7371
1941
3433
1996
9190
5157
7353
9343
8332
5294
9156
9446
65
1140
8738
2279
832
4412
4232
9148
455
1953
3744
4176
3058
7733
6960
1801
4413
445
1617
6828
7389
8006
8319
2525
1293
1528
5878
4464
5943
5314
8985
8526
9461
5592
8905
3223
4775
5085
7421
3984
2776
8003
854
7854
7173
8491
7040
5655
8265
3408
3166
1326
5757
3737
8418
7570
3588
5591
5750
3511
201
1581
8272
5561
3791
8883
6675
9089
546
8425
6149
6585
4317
2790
9175
7363
671
4988
918
2817
5422
7807
2754
8712
4578
2873
4924
3509
3319
4079
4322
7651
3492
4621
3066
7978
1837
7051
5021
4104
7511
5976
7822
585
4045
28
25
3093
1639
1154
3981
313
1667
6171
806
3380
9439
4465
5142
4995
9239
8960
5309
1181
7207
155
5201
5397
5114
7209
5520
7115
8802
1160
7638
9069
7226
7716
3313
4562
2676
4427
5298
4138
7010
3038
8898
2965
874
8750
3872
5104
2608
3029
8393
3564
4244
9338
6521
5537
8716
4409
3339
1485
7862
1195
6846
7443
1338
4585
6216
7884
8674
3439
9313
7354
4846
9121
9418
4593
5306
6321
7730
8216
5531
357
1526
7006
9400
3824
8909
40
4095
4698
7387
8475
3731
1561
8723
9044
8784
7916
4636
454
1749
3944
5196
7161
5629
1492
4719
1907
973
5514
3751
6607
4434
714
9433
6871
850
4565
3730
9215
6220
410
7319
8556
5274
6134
1789
3198
4290
8454
8108
2295
4569
7569
8109
3545
9206
19
7204
1225
8394
221
1715
5834
9470
123
2581
683
6692
30
7365
8179
8271
900
713
7031
2568
8295
1185
389
2258
3380
8437
7850
5485
8518
2200
3641
5921
6142
4327
1619
5878
1522
6616
7911
6350
8105
1642
5347
3072
126
7229
2203
583
7856
9240
7869
5512
6435
3024
6118
8373
4915
7486
4278
4195
8555
3625
1715
8418
9295
6090
3118
752
1043
4234
445
4052
5707
1078
8987
8818
7135
3370
483
715
8278
3656
1415
7866
1598
4671
3479
9213
6358
5478
2554
6220
4995
5881
3117
4031
8148
4062
5907
3951
746
8426
8720
6986
2871
6834
8027
393
2231
7093
7178
7667
2994
2262
4042
6563
7664
4932
8704
7099
5446
1151
833
2106
6150
5015
2309
8247
4692
3221
245
5069
1393
6109
4279
7843
5985
5071
7396
6532
6936
5
3235
1658
7405
7717
8802
4574
2381
8263
6035
9298
434
5353
4505
3739
130
710
4646
8285
6338
7421
236
997
1367
7618
5620
4758
7917
6117
2154
743
4630
8279
4400
1717
695
2005
2674
24
7516
1874
3557
2323
7696
3733
503
4467
6396
2056
9157
5931
785
5778
2062
1861
3033
4521
2214
1363
4904
2268
2706
7759
1443
7900
2807
7640
8740
4542
5307
10
6395
6392
3776
3731
6953
3684
8746
9043
5564
9412
4428
8744
4216
261
1831
1125
4172
540
3515
7008
1145
6746
5790
5571
8754
482
8122
800
7575
3191
8119
2313
1721
8405
6970
2367
1444
9251
7712
6808
7636
2235
5539
2363
3514
3851
2617
4422
1604
6574
9367
9384
8331
5282
3093
2933
8313
9178
2871
5238
8391
8246
966
265
4109
6200
366
3991
9049
7773
6871
8824
739
6210
7994
1230
233
1223
5280
287
6832
5593
8164
8033
5593
6540
691
852
2906
988
1165
1935
5970
7525
912
8415
8284
7255
3302
811
3793
1644
8174
5292
8738
4020
853
2691
4316
5975
7905
3815
9235
1723
7652
2727
3758
4505
822
1620
9199
8331
2898
6061
4715
459
1389
2208
1523
6784
1683
8419
4991
1336
2886
946
7540
3789
603
8847
5799
909
3830
8434
7064
1248
2518
3351
2439
3803
5229
638
421
769
8974
8816
7960
5834
3751
1050
8190
6750
7261
7783
3282
8339
6085
5481
7084
4830
4142
1731
8710
330
6238
746
5117
6271
6674
2927
4818
6865
7793
1464
3770
8088
6251
1773
3391
8673
1251
5741
4411
2614
957
3635
6563
8086
7994
2455
1821
8072
6715
5420
7595
7488
3442
5929
1840
233
2239
3127
8634
3288
7391
6634
91
6112
7751
1991
7351
1340
1246
80
5159
8933
5728
8826
6095
9020
7019
1186
1718
1096
2523
5939
4680
4355
6749
1674
4802
1929
3930
167
7112
6455
369
2414
4569
9295
3232
3438
8488
8969
7245
383
9078
9257
1114
9242
2629
4659
1546
6374
1188
1395
3651
2658
2786
4461
3589
4090
5415
7743
9168
5310
7862
5684
1636
9076
5377
3334
6792
3643
1638
5773
6138
6944
6886
746
7346
5884
1736
9196
1888
9394
5548
6417
2132
287
1529
9106
7888
6470
6285
3797
6449
3343
1153
6722
8809
5229
671
3293
1796
9107
604
1726
4219
78
3140
6177
3243
8541
1942
269
2832
8859
5779
129
810
266
1942
6633
5531
8590
2548
2208
5188
376
7932
5511
8462
450
3363
540
2895
7206
6752
3136
4556
4389
4234
8294
9134
4179
4037
4268
7729
6540
9273
8454
4080
9188
1229
3264
1052
4994
7456
1591
9064
1644
7159
7977
8821
3008
6322
5262
2812
4143
3864
3858
7638
4970
372
1083
4596
5317
6878
1436
4820
6280
4971
2536
6627
2579
9440
2996
6996
608
2079
8287
3776
6650
1419
8720
2961
5896
2321
7392
4257
993
9275
9245
6518
7740
3051
5623
4220
2970
6405
6483
7772
6638
133
344
2524
4899
8598
1912
43
6081
4738
7154
6231
9293
2973
3576
6763
5171
8983
2452
5432
5486
693
8781
7916
3878
7718
8402
2754
4184
5905
426
4124
3590
5688
8597
917
5966
8473
7975
6639
9380
6202
2816
4185
5422
2177
590
7882
4982
2085
4849
5563
5047
7627
5257
8217
6694
8845
36
357
3004
2606
7763
3863
1497
1157
5978
7341
249
479
5964
5044
7780
8785
3890
5035
34
335
3518
6305
1813
4586
7034
9470
8039
7334
688
4285
2863
4851
3725
490
6415
2351
2912
5537
4622
4826
8561
2000
6500
968
60
2726
85
2736
1432
3810
8606
8213
842
3004
6594
1194
7633
9407
4786
4622
3117
3467
2738
6083
5716
6066
5114
8259
2097
860
685
6258
3916
796
8028
1552
2868
6539
4279
6517
3315
3764
8865
659
4579
3421
1684
8269
2287
7256
4512
7007
2829
6249
5695
4766
8683
6978
7760
2678
802
2507
9329
2588
8715
5938
5220
8225
4028
3030
755
4355
5597
1580
8387
2754
6553
7172
6437
8874
5167
6371
6122
7265
8105
6406
1261
7201
2047
115
6981
922
5437
7482
746
4377
7377
1579
5851
38
5320
1078
1876
4239
2178
5263
5975
5608
936
172
3608
1621
2191
8692
5297
7213
7287
7280
1608
2263
6716
5581
2455
8988
4865
8273
5795
566
983
5438
8429
6219
3001
793
9297
9178
4249
3831
1677
3124
344
3333
4778
1872
5896
7082
8854
4443
6964
5463
3992
1648
3070
7434
6377
4176
2972
3975
9402
137
7663
4218
793
6530
1215
1760
3935
8750
6844
5954
5742
4765
6527
3582
8030
3528
3998
2359
8224
2657
8865
2024
3636
7139
9484
5704
2149
226
7437
5048
8103
4288
4907
7758
2483
4245
3298
6848
4540
9256
2191
7030
7553
7273
8405
1428
7005
6568
826
2938
2060
5054
2486
3229
8679
189
6495
7735
4935
4817
3147
1620
8716
2097
7243
4740
6407
3739
7608
4105
4377
1999
9399
2869
2222
5754
1005
6679
5251
5349
5820
6779
6417
5357
4288
8723
5485
4041
3304
3671
6070
3464
4769
8406
2470
2909
8141
4420
6142
8449
5020
3165
1478
5192
3164
2722
7750
4943
991
4353
2309
943
4795
9052
2246
4489
7318
460
1612
4599
8129
7100
9305
5552
940
5798
6729
3182
8688
1680
5246
2540
4871
3589
5460
6282
6320
7516
2592
7005
8680
8971
7369
3612
8268
7411
9356
6706
470
1954
5618
6719
5879
5173
6013
9259
9002
604
3332
8589
8629
7913
1286
6628
1742
4641
1319
5554
8172
2995
8371
448
4591
7434
4092
5709
7298
6840
6450
2105
7243
7394
7390
8575
2778
3719
5475
5656
8670
7407
7400
601
4106
8485
3814
6590
3540
3991
5035
6671
7873
9275
8813
8767
5882
7493
8611
3200
4850
3014
834
4176
1731
8367
6590
1126
6397
1591
8015
6677
3803
9443
406
4359
3035
4852
8947
2097
6758
7275
6447
4911
2805
4068
312
5344
2262
5821
7954
1138
444
3412
1282
5203
7809
9427
1738
2707
8908
2326
8958
6659
6484
7320
3104
2623
4482
109
709
5296
2629
8258
1696
7997
4243
4218
8817
3091
8602
8393
5639
8158
2474
8111
9488
6807
5991
1594
4363
6667
8486
7314
7736
3992
7973
2938
458
1344
1460
238
3049
2407
7618
2765
7683
8953
2730
4819
7525
2883
9425
8551
4097
7475
392
5359
8132
710
4791
4684
2052
1257
354
241
242
9018
3239
5333
2805
8499
2710
7449
2149
820
6992
2172
3635
5466
2306
4757
1242
8441
1195
883
3167
137
2756
1812
9421
1624
5706
6691
5646
7477
1588
5710
7125
7358
5123
9242
2253
9396
7560
5472
7789
8339
3820
86
2894
2471
5854
5770
5818
5437
806
6013
3494
5298
1865
1303
1903
6514
1174
399
6801
1499
2326
5058
5681
7951
6135
9201
358
9398
6813
7916
7748
7532
7585
3547
3532
1702
5311
5262
3315
7790
3391
890
115
7475
6372
1556
7563
384
5867
6057
5007
3696
9283
8714
7252
4705
1560
1319
9049
5825
5770
9092
7325
423
900
6017
4915
7511
3250
1161
409
6933
6255
8976
2300
6659
3465
946
8108
5295
9259
6369
5493
4914
5213
8765
224
4007
580
3033
3185
3517
2940
7411
8288
5601
3849
4239
1685
1486
6104
5640
5836
2155
3366
4519
6719
1739
682
1521
8287
3080
5707
1393
2610
9221
1114
5803
5238
4686
7914
8003
8600
1030
4810
3613
6736
2138
256
4497
5890
8688
4260
7386
7911
115
3125
1744
1665
6656
5402
5497
2487
1689
7089
8971
4217
7483
9471
4448
901
541
8537
5815
4155
6892
6705
2026
6071
1752
8821
1714
6819
3458
8861
4105
3641
4031
6143
7582
4552
6983
6883
3660
7769
1818
1038
2990
3644
1824
2143
850
2994
1821
1181
9152
6732
5140
9044
6726
7142
1413
1855
233
837
5619
8819
9222
8931
5473
1851
3264
7748
1033
57
35
6821
1808
269
546
4936
895
8256
5255
5164
2101
4297
1830
2727
8340
5932
3118
588
1328
431
5836
5903
4561
4865
6317
4826
6252
7045
2486
3344
6741
5184
6388
7453
4531
1343
4491
5789
6130
1331
9124
7479
3721
8529
9
7905
5185
1496
465
4288
7616
628
3226
3510
4182
2550
7134
4172
9419
1205
6974
8752
6279
4489
9131
1102
6023
8997
3633
1950
6580
3605
7127
572
6401
8374
1437
2137
1844
8350
4782
456
1391
6347
2509
4776
2646
2241
1369
7695
6402
5028
7198
8790
5127
5831
7100
3372
7562
7682
4762
6161
7500
7235
1746
3182
8225
527
9225
6145
3745
9348
4566
6995
306
9127
2215
2087
4010
5985
2536
4704
5750
5357
9482
1315
7068
2069
5824
1946
8194
8015
4990
1967
6985
5669
202
8819
7844
3383
2914
2349
1116
6225
4395
3911
5313
7614
5276
5696
2511
6789
6630
7483
6169
5973
1589
3677
39
640
4640
4924
4164
2208
5672
3375
9365
6293
2287
8399
6258
3441
1926
4524
949
6279
5337
1204
7787
1138
6052
3881
9396
1014
6172
7793
8085
982
5041
8970
2674
2941
7816
6836
7185
9045
8392
6272
697
6608
8134
1480
2222
8675
1584
9133
1772
4485
5019
8558
5146
4612
4949
7869
9034
1144
828
3198
8
4827
620
6579
4839
4135
6507
6080
7097
4155
3286
8315
5998
8543
3883
7282
7565
7491
224
5753
2952
8655
8439
398
7171
142
5264
8965
6938
6843
8553
3091
8150
4207
479
2504
8746
7568
3985
7286
916
5234
2735
7137
26
2595
5783
2182
3790
8591
1846
3082
626
297
3196
3567
2711
7369
6241
7121
2615
2652
3815
1213
3597
2181
3284
1530
7363
1980
7542
4252
5033
8198
9414
5658
6092
8996
334
8452
8017
7431
2610
4533
5862
2541
6350
4654
6764
7730
4426
8485
409
4000
5939
8472
462
1715
6006
3656
6671
570
2537
1698
5059
8735
5574
9139
8342
6678
4001
2716
1794
4628
8685
9335
1452
8213
1745
5898
4866
7377
2402
3046
7903
294
8129
7469
6087
8899
941
2515
1855
6932
4899
3056
4610
4777
4424
9304
7966
6919
9448
225
2410
1463
4937
2635
633
7185
3692
3522
2
1269
5956
9278
9388
6254
2425
7524
8254
6757
6079
1652
3502
560
5207
8257
1626
6121
7608
9238
1159
6021
8501
396
832
3335
9350
1138
8011
7059
5409
5491
7235
2670
567
8120
2333
6777
8217
9274
6687
8195
8292
5047
7416
2975
2564
8931
1506
3509
2839
3273
4030
8034
2625
45
7469
5007
8697
4884
6572
2636
3979
4830
9070
6731
6036
8090
9290
1428
100
6484
7364
3562
8116
9174
6578
6826
4069
730
5945
4298
2079
8735
8885
4736
7111
7799
8803
9147
7050
3250
8228
3557
9436
9108
686
2147
9468
1616
4583
7124
1367
9398
8989
702
6260
3713
5269
6476
443
2471
3353
5766
8040
8132
3693
1995
7298
9124
1957
7641
8558
3313
2855
282
4036
3443
5757
8423
5425
1504
443
9015
8196
4696
2921
7994
9082
5734
3870
3187
1161
4574
3271
397
9456
7612
1852
551
8145
4157
7246
6995
5815
6211
8283
9281
3107
4064
4747
3909
669
5594
4760
8766
3868
6743
3674
3651
5556
5198
2441
7360
4687
4079
4352
7176
4624
7182
5025
15
3917
7787
6098
4687
2741
6230
9091
6623
3323
6000
6778
307
7079
6234
6266
4617
5035
4992
1156
7243
1380
1020
5963
1989
5140
5018
4849
7641
9311
8090
2386
7731
5148
3153
8934
3336
2330
7742
7088
3860
4419
1234
3071
1830
4463
2636
1148
5433
6776
1227
3723
8205
8945
3915
8099
494
4884
1701
7060
1749
4262
1275
5903
9242
7848
2583
5547
651
4351
8367
3786
3793
5731
3299
7590
3093
990
2268
8514
825
827
1279
3455
4107
5313
1053
9248
8667
9132
8365
1179
1641
4016
5004
1154
9091
2697
5080
186
6926
899
7718
255
7753
7030
601
9068
1518
2264
4422
5050
6271
1967
6189
1732
4019
7838
1881
3720
2857
4553
2077
208
8761
5624
6943
6751
5334
7206
8882
8764
3139
1326
8880
3388
6667
4039
8150
8365
1385
4697
261
2310
2165
8832
3373
529
6054
812
8991
2536
1918
7964
9223
1507
7310
5072
4792
2772
8274
5026
7704
4346
7011
2439
2114
5504
611
8397
7882
5286
6582
2526
3374
7090
2382
1406
6989
4044
3152
4482
410
6772
3549
7130
927
8735
1675
6208
4351
9026
8768
1232
8816
6839
2457
6716
2109
5111
6017
5420
8903
4746
5874
6647
1933
6292
1950
9353
1544
9174
6787
4006
5678
7797
8504
7990
8295
4801
7028
176
3632
4201
9329
151
4388
8486
1651
6948
8752
3722
8223
4009
8507
541
8531
8056
8730
2490
7841
6923
5422
2120
627
3575
8996
7394
2733
2928
2151
4628
8130
4617
3347
2937
7618
2588
1386
1532
3221
6300
2134
334
1435
4561
1956
2559
1457
5337
4545
5406
1846
8347
8059
8544
9333
6070
5402
3603
3519
6351
6198
9073
5947
1965
4592
2110
4649
8976
9103
4961
8968
2525
5767
73
3766
8062
5110
4843
3325
3471
6464
3023
8493
8536
5502
1694
2384
4598
1617
2502
3714
3206
344
7997
3603
6620
5425
7349
1573
564
5067
1977
4592
5805
6334
8608
7427
1548
5628
1535
6259
9259
1879
423
1020
833
9253
4032
1949
9188
234
3168
7253
387
1934
4267
8090
2131
2442
2163
6175
1762
8219
30
1323
6407
3986
6119
2860
1709
5288
6844
3963
7420
6449
6222
4212
826
3038
2563
3831
2863
6580
4563
6234
4903
8864
9310
8949
7431
7385
5899
7347
9313
5374
5744
8150
5112
7648
527
3251
6403
2306
6745
6286
835
4264
9023
7551
5933
3813
462
6952
3284
1534
1474
2417
8671
8453
263
8030
4251
4255
9323
4000
48
126
3651
9390
6027
5228
2903
6019
974
6042
1554
9072
2182
5335
6091
6230
2305
5345
5663
4672
7957
7413
7114
1192
401
914
1660
6752
6172
8462
3375
4880
5507
6006
5999
9208
6095
2111
6034
1338
3664
1640
4268
4067
1747
1466
5619
2368
455
2179
5413
8528
7897
6074
4380
6479
7071
3402
4462
8169
2412
2025
2680
1547
8549
5708
5766
3436
5884
7433
2242
3937
2441
436
6484
1708
7199
458
1879
3583
3029
4044
7068
5345
1980
8680
2082
1058
8192
8189
3242
7049
1529
8188
4959
6199
7103
446
894
7742
4854
2531
2340
3950
2120
2598
9156
3498
8642
5265
1180
2408
5057
1003
883
2252
1154
5012
1749
6068
8032
90
4716
7244
5400
1049
4015
8776
1418
4307
2827
1278
6426
287
8759
7330
7891
2880
8713
3362
3144
4748
2228
8083
5216
3926
5404
7768
8926
6508
2861
9393
482
4363
6100
4981
1611
8857
6749
2154
7376
7813
7027
5473
3465
5227
5529
4037
7006
4193
1726
2215
2437
4428
660
2855
8411
5660
6711
206
8778
3572
8416
3489
7948
1623
5967
3123
6248
2353
5829
557
2322
7040
539
7201
5602
442
5447
6339
2759
2472
1015
655
484
2601
6568
281
1990
3424
3601
986
5148
6641
8149
7732
3740
6667
9245
9240
4371
3794
4575
52
9463
7866
3108
1612
3048
72
2796
4137
1335
5375
6191
457
6784
7296
2535
1266
7555
6310
3465
1420
3710
2994
6443
3281
3180
508
4614
2696
565
6452
51
4697
6420
7870
3860
5400
5855
7325
3264
1422
3898
523
2746
9316
7264
4747
2289
7559
4265
2338
6449
8707
4261
3547
4430
7306
3263
9476
4782
3929
3258
3243
8628
2587
7140
7881
8739
6284
225
5439
4743
9290
6526
1730
7169
4
8987
4604
995
5641
5026
8636
956
3432
1677
8640
4256
6834
1092
5169
7071
6968
3790
2712
8359
1080
8920
9337
7891
1046
4389
7939
6283
6729
1132
4919
7603
7604
9458
7313
9204
5429
4406
1795
7194
7834
3546
8604
3129
7329
8196
8137
1345
9194
2104
2798
1458
4740
2851
9225
6929
5767
5984
1400
3378
8973
6665
7334
7185
2379
5024
4964
6532
220
2196
5674
8016
6614
5049
6136
5016
5589
7204
8963
1505
6689
9340
2381
9294
4732
7044
2857
5620
4535
7227
6632
7468
1796
6774
520
2612
6974
5420
7279
3029
9308
5315
6178
7939
3754
5827
151
2212
6266
7585
6895
4908
4715
6579
7940
467
1671
9262
5287
8777
3313
7665
4252
3181
2611
646
9057
7979
1761
7958
3618
3880
3013
7098
2374
2368
8990
3107
810
4925
641
4277
3654
5181
3906
2873
3875
2287
8768
1133
1826
7555
5361
7088
9125
8106
1320
5613
6972
1231
1710
4344
1445
2547
3921
4937
8126
853
7026
5103
9472
3748
7054
550
9287
8185
3297
4106
7209
7632
3853
3878
264
8492
750
7465
2835
1444
2320
7703
9170
443
4571
2285
293
256
8486
7993
6474
3051
1962
7758
1639
971
9006
3091
6803
5906
8272
5322
4870
173
75
4210
3595
3290
2311
3762
6150
8498
4265
7811
4904
1837
544
8373
3266
8763
4178
6774
5539
6714
8491
1634
1162
676
9452
3511
8741
8757
2926
7799
7197
96
3600
5174
6097
3635
5294
6328
724
7024
5177
2471
6364
6806
8629
2411
302
8082
6005
3006
1025
5460
3338
8362
1091
8487
3804
7564
3349
3379
3616
2259
8162
2638
5366
9031
4247
7019
4719
247
6131
8281
7173
5588
9328
7593
6322
7279
5633
390
5606
9233
8489
8773
4025
4594
7992
2799
725
9085
5373
1113
6166
3611
6978
3249
4312
2204
220
1764
8543
1046
5094
7945
4930
3253
3562
8623
1405
3608
2251
6828
7646
5831
3506
3911
6462
2983
6249
6815
3922
8109
6489
4649
2231
1694
9081
4920
2673
9389
139
5042
7009
8889
8436
8260
1508
1180
8468
9348
3626
4465
7586
2534
4100
1842
5221
5565
9437
597
2342
1257
1380
421
5991
3936
7002
1070
5967
706
4232
594
2846
825
5752
6287
4761
777
7458
7528
7330
3790
8976
374
8679
5572
299
3921
8109
501
446
9041
1130
6586
8184
5405
8823
4825
5
7158
3100
2475
465
4939
9241
3479
5053
3608
8531
2098
8556
3518
4198
266
701
8973
7799
3481
1794
1777
6496
6009
1372
9131
7636
3629
3938
8085
2434
5202
5316
830
7739
9316
5966
6580
4106
6879
6641
3836
3475
7968
1456
4679
7031
997
1299
6362
8605
5154
9141
1658
2985
6823
4054
64
5133
6754
9471
6554
5588
7088
9257
3120
8393
8148
2927
2410
7251
3968
3830
337
1954
8997
1370
9085
1430
6852
1431
542
1827
8939
8589
7051
2805
551
7202
3574
187
7263
6055
7446
7370
4680
9213
6463
7935
2516
4437
1999
3525
1098
4745
2690
8578
4052
6153
2620
7485
3215
6992
5916
7259
8402
5451
3129
2127
4912
622
6929
9370
2037
5601
7561
3293
2823
9092
4708
7790
8526
6733
6516
7183
3134
7809
2039
3617
6070
1456
6477
2915
147
9183
3534
914
5882
3008
2549
7535
6064
7653
3451
2625
2028
8533
324
7423
3741
3442
7570
983
7297
1979
8336
438
2499
6786
6570
2951
3141
4099
7336
6868
1106
316
6390
3853
6757
831
3096
1879
8978
9165
3702
7167
346
8740
7951
9460
5088
1221
8477
7662
8078
6852
780
4916
84
7573
2804
4735
3634
2429
8340
1011
2978
266
6570
4984
20
1580
3152
1173
8477
3160
9273
1938
4682
4624
4868
2256
5871
123
902
1840
3434
6210
5416
9400
58
5330
4097
2183
5459
7103
3488
1656
90
8823
7598
361
8082
8640
7942
2502
8776
9100
9455
6860
7684
2801
7648
535
2411
8305
486
6576
8842
2759
9427
6063
4473
1564
5690
5354
5163
8264
4155
4549
3010
8090
8
4979
1512
4952
955
6185
2203
5554
3653
8009
7925
8946
6557
8351
6766
8295
1443
2308
6619
8479
969
6949
8036
8831
8807
8341
1326
1336
6906
3448
6679
5129
7279
3794
7850
7328
3349
4419
7325
1698
2327
6813
1666
2169
866
9426
437
7220
8009
1354
5709
3771
313
6203
2566
4567
5653
1771
4909
2192
7043
7114
1293
5303
9203
3765
1798
1752
3759
7341
3261
4272
4152
1560
883
8267
7979
6105
285
8340
7124
7752
236
3131
7681
6071
9247
443
1903
6626
4738
3889
6790
5042
4723
502
81
8342
2738
3515
7196
6981
4226
7553
2018
7516
618
2250
3837
4716
7942
4538
295
2460
3133
1501
3756
7425
8862
7439
1095
2142
2104
8953
1410
6254
3665
9236
126
5623
1758
1876
6590
3813
5457
5193
4635
994
8012
66
6710
3686
8608
4121
7163
2473
210
2302
5948
4690
6721
840
3925
5403
5348
4645
838
2474
7813
2821
6594
1238
7857
5291
9336
4994
6487
8966
2948
4415
6382
4616
5189
369
4973
4883
4567
2612
3438
2605
3850
2450
1732
4499
3468
4970
6875
509
7116
5595
3423
2792
6724
6416
1169
6226
1523
869
5509
8911
1764
5438
2808
9073
3471
7826
4733
928
656
8288
7292
4352
2200
8602
2561
1409
2177
3462
354
2479
1089
4750
6955
1228
1689
4124
5746
5194
4543
3894
6093
1865
243
7022
2431
6351
2913
7710
9248
6655
7128
4280
5335
8990
1083
8311
9161
9351
1762
2836
8230
6413
8365
2340
8654
4720
5230
2731
2347
7683
3281
4785
6810
4926
7292
8538
1910
8373
5513
2038
8755
7875
9224
2990
6788
2694
4022
6217
5829
4202
8951
9028
4526
8873
5360
5360
1002
1414
1064
3823
6068
6939
4727
9388
4878
8018
4595
2349
9241
2747
8999
388
7935
4924
9226
3257
7763
6768
8860
4774
7256
5073
304
995
8425
438
4047
3140
7736
3988
7828
788
3941
1470
7188
2763
4568
831
368
4551
7090
1978
1597
6853
5937
8416
5398
2107
8201
2911
5853
2096
2623
5708
7907
186
8900
2759
9485
9275
9123
6407
4553
676
384
8901
8156
8319
8915
63
2135
362
660
2535
7916
1057
3609
4442
2212
5785
2130
3770
5461
1148
434
4391
3743
4598
7733
5238
6040
5552
3657
3802
6794
2740
6218
8696
8437
7720
1645
4266
6458
1751
5491
8019
1460
2173
398
288
5950
9371
6263
5779
6152
150
8728
2029
5529
8281
4850
9129
2613
5877
7988
3848
1233
4525
6869
4709
822
1380
3041
9124
4047
6855
7535
2637
6982
8448
7634
7654
5362
7144
8489
8709
3477
231
4551
6617
5961
5510
8688
5270
1795
9169
6409
8881
3020
5635
2271
5587
4076
3127
8592
1744
6178
6575
503
2898
1834
7231
6530
2896
1036
3837
7728
6816
6743
7395
3826
3656
4430
4713
2346
3008
3053
7732
1197
494
3719
9129
597
6980
3118
5272
6576
2058
1303
8738
6332
4132
3465
3754
1225
8849
8191
4535
2357
2087
9469
6753
904
2725
6676
9075
5453
4165
8058
5206
7637
3973
2793
5831
7055
869
521
6491
1105
1710
3606
522
1520
4107
3286
8680
9366
6063
2852
1724
8379
6588
335
5552
1100
6486
6637
8282
5507
7837
4075
8492
3185
3479
6967
7589
7157
5541
8157
2633
386
2022
1315
2673
378
2768
7648
3960
9465
3891
1954
8026
6891
2800
8318
4059
7616
1048
622
1194
8552
3986
7775
8177
1157
9388
8676
1496
9252
3104
5959
7640
6186
1967
7401
8550
4398
4836
5785
3879
5875
1652
1432
4581
2788
7047
1732
4468
4734
4963
1054
1474
8075
9117
8946
9119
7880
6407
169
669
4545
578
6291
4192
4947
2271
2180
2083
2326
7901
8800
8990
8763
4778
1308
7078
6853
5048
7583
4892
8533
547
3649
398
4751
4870
8151
6442
149
8662
5419
4004
3056
512
4530
1140
1058
7717
2544
1781
5234
5825
3544
583
711
4502
6462
6245
5894
546
9475
8056
2342
593
8806
5748
7171
2578
5762
5171
3544
4506
8198
4108
7110
4920
2397
1061
5308
4256
7804
5842
307
7340
548
4837
6977
2890
6165
8108
8047
1256
9069
1595
8574
6081
7374
8307
104
2246
7037
9196
428
2735
3159
8274
2266
7781
846
7610
4289
8560
1593
1117
7481
4734
2368
4315
8461
8923
7137
594
5970
2485
200
7973
170
5827
5577
7441
1620
3666
1210
5686
3702
1364
1567
2221
3092
8702
9394
5738
1868
5523
861
8835
3839
8271
8071
4846
790
3447
1397
6739
8021
4633
3058
9331
1991
7617
7802
6347
1409
6958
5803
5746
7535
4243
1300
438
8807
605
4437
324
3294
9384
7747
882
4515
8770
3049
7021
37
7124
6277
8197
4142
6933
889
4215
3754
7655
7263
6057
6725
8619
4140
2636
523
5659
2498
3329
3400
4799
8371
9352
7502
4119
3230
6663
2206
6973
476
5491
5669
7963
7768
5291
6753
6539
6959
25
5967
5178
7665
2967
2528
1112
3721
571
3133
9143
5641
5185
4830
5547
4306
2391
8047
6296
2482
8179
1296
3965
5428
4058
8513
3061
2313
2556
8413
9483
7891
6165
5118
3755
1932
3164
2432
3647
4216
5955
4440
1369
2234
5496
3705
1435
7625
6766
7324
6626
3955
401
5120
7776
1514
4002
3196
1400
5332
619
406
2574
1100
4768
1475
8050
4857
7126
2007
3672
5811
8733
8333
5430
3121
2806
6573
1696
7982
7198
5076
1939
5290
9105
4117
9296
1882
4712
429
6711
1910
1097
5048
4210
3895
6888
6880
700
5036
6702
894
844
7573
5550
5083
1522
6003
3627
1154
4541
9139
2659
7280
3846
496
3253
6792
5105
8204
9396
7715
7616
2088
2280
5409
4134
2288
1330
9046
5769
1638
4466
8846
8085
3446
5156
665
6339
1925
4496
1414
8935
4293
886
7989
8704
6656
6567
5044
6284
5900
9254
3928
7061
3416
6156
5503
518
8809
4253
1152
2866
6533
3282
8834
4930
515
7242
116
2083
5793
6944
57
8679
822
5334
8989
5713
1730
6399
3158
2059
1921
1909
2967
4254
282
1932
5553
3703
6625
7018
3622
223
1071
1472
9150
5190
4659
3153
7333
7235
3956
7447
8434
2335
3909
3492
3943
7259
6271
6171
7368
1184
3843
2948
2463
3858
6506
7884
4943
8992
6806
6954
9261
984
6631
3351
1987
8597
6914
265
1668
3393
2342
4549
5423
3987
1815
3778
3070
6704
2484
4761
7637
7375
4736
7721
9252
3183
6450
3944
3092
3936
7439
982
3406
279
3389
8626
8975
1592
6684
9422
2339
5996
8325
7650
4789
5832
8824
6056
6841
9176
4883
423
5062
3794
5873
8099
1370
3997
9407
669
4469
1458
7467
3437
2542
8416
8023
6047
3320
4429
4017
4403
7118
8434
2889
6860
4340
2057
472
1943
4236
2574
1530
6240
5429
2176
4376
3167
2749
3332
5260
8085
874
9296
6911
5262
2459
7418
4744
6108
6448
8832
6682
3104
3494
5419
256
5307
2862
3017
6530
1438
8725
9281
4164
1011
2448
364
6483
1517
7588
6284
8838
702
7241
7276
5331
1854
2948
6865
3677
4051
3022
3500
5854
4930
2362
4751
5862
2335
6547
443
1683
8248
1105
4132
7062
3801
7259
9431
652
4323
7851
4733
1234
4411
148
4305
7437
6775
78
102
9351
6983
6700
3059
4816
3975
7828
8475
2573
9289
5576
543
610
5759
3026
5046
3595
7127
6462
6767
4613
5792
6718
2130
2483
4746
9321
6830
4350
8323
3946
8406
4461
8915
2806
2789
123
6878
81
4664
8305
3504
5367
4363
1333
1025
2984
3865
1424
5065
7663
2016
6569
6127
699
6542
703
32
3858
8691
9367
7120
9221
7149
1468
4398
8152
2842
1357
4550
8938
528
404
4755
7208
187
8169
805
7740
6790
6447
1514
6577
2192
7608
7239
7230
1935
3088
7408
1879
8226
5515
4336
433
3072
6308
8681
2227
5529
5951
1713
6683
6234
5220
1878
8772
2849
5903
4266
6348
5545
1850
1064
4803
6335
6715
3691
7882
3940
1144
3399
6461
9019
5937
8995
3968
6632
6969
9221
8137
4001
622
9006
4701
4012
4333
9440
3235
3862
3411
4666
9230
1844
8780
1825
5630
9282
3579
27
2079
2159
7581
1384
5465
5740
5935
6344
6597
8190
6831
5317
5223
8347
3377
6416
4225
3412
1647
1925
5421
6196
3560
6883
4210
1594
9483
8227
2855
5944
3503
980
7367
6574
8201
8289
5550
2497
2528
6602
5245
4444
514
6724
4100
1139
8716
6703
6835
4643
3748
19
3646
1906
2632
7158
7460
5247
4123
182
6107
7017
3002
7225
2519
6783
266
2008
1023
7041
4266
8488
8960
767
8544
3420
3772
3803
8315
7558
8541
1932
3889
3242
5547
1229
3948
4046
3575
5622
5122
2144
87
4213
6961
7285
2153
4725
9089
6908
6487
6269
2764
646
4013
4575
6269
5830
4877
5985
6240
77
2949
6705
9232
3924
3237
3352
8160
5009
2663
283
4392
6634
7248
4243
7938
0
5523
1226
2081
4737
907
3186
2024
662
3750
8327
5160
1920
4901
2610
2685
957
6715
9118
491
2757
7120
3735
3834
6734
9139
6990
2335
2941
1307
2068
2377
2654
8614
1060
3205
4449
5325
4812
75
5851
3140
2018
7593
3361
182
2564
2067
1685
1226
8010
297
2258
5262
7479
4738
6900
8787
6604
1550
3525
8537
5150
2157
410
5246
3354
8731
7812
1883
728
326
3813
876
6818
6296
8729
8938
8790
8803
3571
5418
7968
924
6593
1284
5497
718
2201
4939
1039
7460
3783
6865
6122
5032
2118
5446
105
8550
8218
208
6814
58
5785
1811
6691
2664
8262
3630
7992
8434
293
1948
6460
2726
3184
5925
1090
8803
9223
9214
6138
6220
6709
2640
2314
8047
3184
4407
4218
7414
355
2183
3863
4255
6687
5949
2797
968
7787
2817
8803
3653
4047
4818
4574
4621
7592
3585
9333
4767
3703
5286
9448
4763
4453
5805
1647
1503
2513
1238
3102
5475
2826
2187
7082
3097
5961
9499
2501
324
5133
6207
5154
7679
7721
5145
9198
9179
672
1694
2946
9487
3485
2076
2951
3518
6946
5754
8246
4976
1139
8408
3441
7618
3713
1938
5667
9427
3392
650
4643
9315
6694
8512
1088
6482
8382
9135
7037
2417
3626
7512
9311
5684
7465
563
3933
1950
8443
7984
7206
3422
2609
8178
4340
4625
8268
3627
6450
1950
4407
4883
402
961
791
8879
9057
