0
1
2
4
4
5
5
8
8
9
10
10
10
12
15
19
19
19
20
20
24
24
25
25
26
27
28
30
30
31
32
32
34
35
35
35
35
36
36
37
38
39
39
40
41
43
43
43
44
45
45
46
46
47
47
48
49
51
52
54
55
56
57
57
57
57
58
58
60
60
61
63
64
64
64
65
65
66
68
72
73
75
75
76
77
77
77
77
78
78
78
80
81
81
83
84
85
86
87
88
89
90
90
91
92
95
96
100
100
102
103
104
105
105
107
108
109
109
109
112
113
113
114
115
115
115
115
116
116
116
118
120
121
123
123
123
125
126
126
126
128
129
130
130
131
131
133
133
133
137
137
137
138
139
139
142
147
147
147
148
149
149
149
150
150
151
151
151
152
152
154
154
155
158
161
162
165
166
167
169
170
171
172
173
174
174
175
176
176
178
179
181
182
182
182
182
182
185
185
186
186
186
186
186
187
187
188
189
190
194
197
200
200
201
202
202
206
207
208
208
210
211
215
215
216
218
220
220
220
221
221
223
224
224
225
225
226
227
227
231
231
232
233
233
233
233
234
235
236
236
236
237
238
238
241
242
243
243
243
245
247
248
248
249
249
252
255
256
256
256
258
260
261
261
263
263
264
264
265
265
266
266
266
266
269
269
269
272
272
275
279
281
282
282
282
282
283
285
287
287
287
287
288
291
291
293
293
293
294
295
295
297
297
297
299
299
300
302
304
306
307
307
310
312
312
313
313
313
316
316
318
323
324
324
324
326
326
327
330
331
333
334
334
335
335
336
337
337
339
341
342
343
344
344
344
344
346
347
348
349
354
354
355
357
357
357
358
359
361
362
364
365
365
366
366
367
368
369
369
370
371
372
372
374
375
376
378
379
380
383
383
384
384
386
386
387
387
388
389
390
391
391
391
392
392
392
393
393
396
397
398
398
398
398
399
401
401
401
402
403
403
404
406
406
409
409
410
410
410
410
411
416
416
417
419
420
420
421
421
422
423
423
423
425
426
428
429
429
430
431
431
433
434
434
436
436
437
438
438
438
438
440
441
442
443
443
443
443
443
444
445
445
446
446
446
446
447
448
448
450
451
454
454
455
455
456
457
457
458
458
459
460
460
460
460
461
462
462
464
465
465
466
467
468
470
472
472
472
476
476
479
479
480
482
482
483
483
484
486
489
489
490
490
491
491
492
494
494
496
496
498
498
499
501
501
502
502
503
503
503
505
508
508
509
509
509
512
513
513
514
515
515
516
516
517
518
518
518
519
519
519
520
521
522
522
523
523
524
527
527
528
529
531
533
535
536
539
539
540
540
541
541
542
543
544
545
545
545
546
546
546
546
547
548
548
550
551
551
551
552
557
557
558
559
560
562
563
564
565
565
566
567
567
567
568
570
570
570
571
572
576
576
577
578
579
580
582
583
583
585
585
586
588
588
588
589
590
591
593
594
594
594
597
597
597
598
598
600
601
601
603
604
604
604
605
607
607
607
608
608
610
611
611
616
618
619
620
620
621
621
621
621
622
622
622
623
623
626
627
627
628
629
633
633
637
638
639
640
641
641
644
645
646
646
646
646
647
647
650
651
652
655
656
656
657
657
657
659
659
660
660
660
662
663
665
665
665
669
669
669
669
671
671
672
672
672
672
676
676
678
678
678
678
680
681
682
683
684
685
686
686
688
691
691
691
692
693
694
695
697
698
699
700
701
702
702
703
703
703
705
706
706
708
709
709
710
710
711
713
714
714
715
715
716
718
722
722
722
723
724
725
727
727
728
730
730
733
734
734
735
738
738
738
739
739
739
743
746
746
746
746
747
748
750
752
753
754
755
755
759
762
763
764
765
767
769
771
771
771
772
773
774
777
777
779
780
781
782
785
785
786
788
790
791
792
793
793
796
800
801
802
802
805
805
805
806
806
808
810
810
810
810
811
812
813
814
815
817
820
820
820
822
822
822
823
823
824
824
825
825
826
826
826
826
827
828
829
830
831
831
831
832
832
833
833
833
833
834
835
837
838
840
842
844
845
846
850
850
852
852
853
853
854
854
858
858
858
858
858
859
859
859
860
861
862
863
863
866
866
867
868
868
869
869
869
871
872
873
873
874
874
876
876
876
877
877
877
878
879
882
882
882
882
883
883
883
886
889
890
894
894
894
894
895
895
899
899
900
900
901
901
902
902
904
904
905
905
905
907
909
909
911
912
912
912
914
914
916
917
918
918
919
919
919
920
920
921
922
924
926
927
927
927
928
929
931
933
933
936
936
937
940
940
941
942
942
943
946
946
947
947
948
949
949
950
950
951
951
951
952
952
953
955
955
956
956
957
957
957
959
961
964
966
966
967
968
968
969
971
973
974
975
975
977
978
979
980
980
982
982
982
982
983
983
984
985
986
988
990
991
991
993
993
994
994
995
995
995
995
995
997
997
997
1000
1001
1002
1003
1005
1009
1011
1011
1012
1014
1015
1017
1017
1020
1020
1021
1023
1024
1024
1024
1025
1025
1025
1030
1030
1032
1033
1036
1038
1038
1038
1039
1043
1046
1046
1048
1049
1050
1051
1052
1053
1054
1057
1057
1058
1058
1058
1059
1060
1061
1063
1064
1064
1065
1066
1066
1068
1069
1069
1069
1070
1071
1078
1078
1080
1081
1083
1083
1088
1088
1088
1088
1089
1089
1090
1091
1092
1093
1094
1094
1095
1095
1095
1095
1095
1096
1096
1097
1097
1097
1098
1099
1100
1100
1101
1102
1102
1103
1103
1105
1105
1106
1106
1107
1109
1111
1112
1113
1114
1114
1115
1116
1117
1117
1123
1123
1124
1125
1126
1129
1130
1132
1133
1133
1134
1135
1138
1138
1138
1139
1139
1139
1140
1140
1141
1141
1142
1144
1144
1145
1146
1148
1148
1148
1150
1151
1151
1151
1152
1153
1154
1154
1154
1154
1156
1157
1157
1158
1159
1160
1160
1161
1161
1162
1165
1166
1167
1168
1169
1171
1172
1172
1173
1174
1177
1179
1180
1180
1181
1181
1184
1185
1186
1188
1191
1191
1192
1192
1194
1194
1195
1195
1195
1195
1196
1197
1197
1198
1198
1204
1205
1206
1207
1210
1213
1213
1214
1215
1215
1215
1215
1216
1216
1220
1221
1221
1222
1223
1225
1225
1226
1226
1227
1227
1228
1229
1229
1229
1229
1230
1231
1231
1232
1233
1234
1234
1234
1234
1235
1235
1236
1236
1236
1238
1238
1240
1241
1242
1244
1246
1248
1248
1251
1251
1251
1255
1256
1257
1257
1257
1257
1259
1259
1261
1263
1266
1266
1269
1271
1272
1275
1276
1277
1278
1279
1280
1282
1284
1284
1285
1286
1289
1290
1292
1293
1293
1294
1296
1296
1298
1299
1299
1300
1300
1303
1303
1303
1303
1306
1307
1308
1308
1309
1310
1310
1310
1311
1313
1314
1315
1315
1316
1319
1319
1320
1323
1323
1323
1323
1324
1324
1325
1326
1326
1326
1327
1328
1330
1331
1331
1331
1331
1333
1335
1336
1336
1336
1336
1336
1337
1338
1338
1339
1340
1340
1340
1343
1344
1344
1345
1346
1347
1349
1350
1352
1354
1355
1355
1355
1357
1358
1359
1362
1363
1364
1365
1367
1367
1367
1367
1368
1369
1369
1369
1370
1370
1370
1371
1371
1372
1372
1372
1373
1379
1380
1380
1380
1380
1382
1382
1382
1384
1385
1386
1389
1391
1393
1393
1394
1395
1396
1397
1397
1399
1400
1400
1400
1404
1405
1405
1406
1408
1409
1409
1409
1409
1409
1410
1412
1413
1414
1414
1414
1414
1415
1415
1415
1418
1419
1419
1420
1422
1422
1424
1425
1428
1428
1430
1431
1432
1432
1435
1435
1435
1436
1437
1438
1443
1443
1444
1444
1444
1445
1447
1449
1452
1452
1453
1456
1456
1456
1457
1458
1458
1460
1460
1460
1460
1461
1462
1462
1463
1464
1466
1467
1468
1470
1471
1471
1472
1474
1474
1475
1475
1478
1479
1480
1480
1481
1483
1485
1485
1485
1486
1487
1487
1488
1489
1492
1493
1496
1496
1496
1496
1496
1497
1497
1497
1498
1499
1499
1501
1501
1501
1502
1503
1503
1504
1505
1505
1505
1506
1507
1508
1510
1511
1512
1514
1514
1516
1516
1517
1518
1520
1521
1521
1522
1522
1522
1523
1523
1526
1526
1527
1528
1529
1529
1529
1530
1530
1532
1533
1534
1535
1538
1539
1544
1544
1544
1545
1546
1547
1547
1548
1550
1550
1552
1553
1554
1554
1556
1560
1560
1560
1561
1561
1564
1564
1564
1567
1567
1569
1571
1573
1573
1574
1575
1579
1580
1580
1581
1584
1586
1586
1586
1587
1588
1588
1589
1589
1591
1591
1592
1592
1593
1594
1594
1594
1595
1597
1598
1598
1600
1602
1604
1604
1605
1605
1606
1607
1608
1609
1610
1611
1612
1612
1614
1615
1616
1617
1617
1619
1620
1620
1620
1620
1621
1623
1623
1624
1626
1626
1626
1628
1630
1631
1634
1636
1637
1638
1638
1639
1639
1639
1639
1640
1641
1642
1642
1644
1644
1644
1645
1645
1646
1647
1647
1648
1649
1651
1652
1652
1652
1656
1657
1658
1658
1660
1661
1662
1662
1665
1666
1666
1666
1667
1668
1671
1674
1675
1677
1677
1678
1679
1680
1683
1683
1683
1683
1684
1685
1685
1685
1685
1689
1689
1693
1694
1694
1694
1694
1696
1696
1698
1698
1699
1701
1702
1703
1704
1706
1708
1708
1708
1708
1709
1709
1710
1710
1710
1712
1713
1713
1713
1714
1715
1715
1715
1717
1718
1718
1719
1721
1722
1723
1724
1724
1726
1726
1726
1728
1730
1730
1730
1730
1731
1731
1732
1732
1732
1733
1735
1735
1736
1736
1736
1737
1737
1737
1738
1738
1738
1739
1740
1742
1742
1742
1744
1744
1744
1745
1746
1747
1749
1749
1749
1751
1751
1752
1752
1753
1753
1755
1756
1757
1757
1758
1758
1760
1761
1761
1762
1762
1763
1763
1764
1764
1766
1766
1771
1772
1772
1773
1773
1774
1777
1781
1781
1789
1789
1789
1793
1794
1794
1795
1795
1795
1796
1796
1796
1796
1796
1798
1800
1801
1807
1808
1809
1809
1811
1812
1812
1813
1813
1815
1815
1818
1818
1821
1821
1823
1824
1824
1825
1826
1826
1827
1827
1827
1829
1830
1830
1830
1830
1831
1831
1833
1834
1835
1836
1837
1837
1837
1838
1838
1839
1840
1840
1840
1840
1842
1842
1844
1844
1844
1846
1846
1848
1850
1850
1851
1852
1854
1854
1855
1855
1855
1856
1856
1856
1858
1858
1860
1861
1865
1865
1866
1868
1868
1870
1872
1874
1875
1876
1876
1878
1879
1879
1879
1879
1881
1882
1883
1884
1888
1888
1889
1890
1893
1894
1894
1895
1895
1896
1896
1896
1897
1901
1902
1903
1903
1904
1904
1905
1905
1906
1907
1908
1909
1909
1910
1910
1911
1912
1916
1917
1918
1918
1920
1921
1924
1925
1925
1926
1929
1930
1932
1932
1932
1933
1934
1934
1935
1935
1936
1937
1938
1938
1939
1941
1942
1942
1943
1944
1944
1946
1946
1946
1947
1948
1949
1949
1950
1950
1950
1950
1951
1952
1953
1954
1954
1954
1954
1956
1957
1957
1958
1958
1959
1961
1962
1965
1965
1967
1967
1967
1967
1969
1970
1971
1972
1973
1973
1975
1977
1978
1978
1979
1979
1980
1980
1982
1987
1989
1990
1990
1990
1991
1991
1995
1996
1996
1996
1997
1999
1999
2000
2001
2002
2002
2002
2005
2005
2006
2006
2006
2007
2008
2011
2014
2016
2018
2018
2018
2019
2021
2022
2023
2024
2024
2025
2026
2026
2027
2028
2028
2028
2029
2029
2030
2031
2032
2033
2036
2037
2038
2039
2044
2047
2047
2051
2051
2052
2052
2052
2056
2056
2057
2058
2059
2059
2060
2061
2062
2064
2067
2068
2069
2072
2072
2076
2077
2079
2079
2079
2081
2082
2083
2083
2085
2085
2087
2087
2088
2091
2093
2094
2096
2096
2096
2097
2097
2097
2097
2098
2101
2103
2104
2104
2105
2106
2107
2109
2109
2110
2111
2111
2112
2113
2114
2118
2120
2120
2121
2122
2124
2125
2125
2126
2127
2128
2130
2130
2131
2132
2132
2133
2133
2134
2135
2137
2137
2138
2140
2140
2140
2142
2143
2144
2144
2144
2145
2146
2147
2149
2149
2149
2150
2150
2150
2151
2151
2151
2152
2153
2154
2154
2155
2155
2156
2157
2159
2162
2162
2163
2165
2165
2169
2172
2172
2173
2173
2174
2174
2176
2176
2177
2177
2177
2178
2178
2178
2179
2179
2180
2181
2181
2182
2182
2182
2183
2183
2184
2185
2186
2187
2188
2190
2191
2191
2191
2192
2192
2196
2200
2200
2201
2201
2203
2203
2204
2206
2208
2208
2208
2212
2212
2212
2213
2213
2214
2215
2215
2215
2216
2219
2220
2221
2222
2222
2225
2226
2227
2228
2229
2230
2231
2231
2234
2234
2235
2238
2238
2238
2239
2241
2241
2242
2245
2246
2246
2247
2248
2250
2251
2252
2252
2253
2256
2257
2258
2258
2258
2259
2262
2262
2263
2264
2264
2264
2264
2264
2265
2266
2268
2268
2271
2271
2275
2277
2278
2279
2280
2280
2281
2281
2281
2282
2284
2285
2286
2287
2287
2287
2287
2288
2289
2291
2291
2291
2292
2294
2295
2296
2297
2298
2300
2302
2303
2305
2305
2306
2306
2308
2309
2309
2310
2311
2313
2313
2314
2316
2317
2319
2319
2320
2320
2321
2322
2322
2323
2324
2326
2326
2326
2327
2328
2330
2331
2332
2333
2333
2335
2335
2335
2336
2336
2336
2338
2339
2340
2340
2340
2340
2342
2342
2342
2344
2346
2346
2347
2348
2349
2349
2350
2350
2351
2351
2352
2353
2357
2359
2360
2360
2360
2361
2362
2363
2367
2368
2368
2368
2369
2370
2371
2374
2375
2377
2377
2378
2379
2381
2381
2381
2382
2383
2384
2384
2384
2386
2386
2386
2386
2388
2391
2394
2395
2396
2396
2397
2397
2399
2402
2402
2405
2405
2407
2408
2410
2410
2411
2411
2412
2413
2414
2415
2415
2416
2417
2417
2417
2423
2424
2424
2425
2425
2428
2429
2429
2430
2430
2431
2432
2432
2434
2434
2435
2437
2438
2439
2439
2440
2440
2440
2441
2441
2441
2441
2442
2444
2445
2446
2448
2448
2449
2450
2452
2452
2452
2453
2453
2455
2455
2455
2456
2457
2457
2459
2460
2462
2463
2465
2466
2470
2471
2471
2471
2472
2473
2474
2474
2475
2475
2477
2477
2479
2479
2482
2482
2483
2483
2484
2485
2486
2486
2487
2488
2490
2492
2492
2493
2497
2498
2498
2499
2500
2501
2502
2502
2503
2504
2507
2509
2510
2511
2512
2513
2515
2516
2517
2517
2517
2518
2519
2523
2524
2525
2525
2525
2526
2526
2527
2528
2528
2531
2531
2534
2534
2535
2535
2535
2536
2536
2536
2537
2537
2540
2541
2542
2542
2544
2547
2548
2548
2548
2549
2550
2551
2554
2554
2555
2555
2556
2556
2559
2559
2559
2560
2561
2562
2563
2564
2564
2565
2565
2566
2567
2567
2568
2571
2573
2574
2574
2578
2579
2581
2583
2583
2586
2587
2587
2588
2588
2590
2591
2592
2594
2595
2598
2598
2601
2601
2601
2604
2604
2605
2606
2606
2608
2609
2610
2610
2610
2611
2611
2611
2611
2612
2612
2613
2614
2615
2616
2617
2618
2618
2619
2619
2619
2620
2623
2623
2624
2625
2625
2629
2629
2630
2630
2632
2633
2633
2635
2636
2636
2636
2637
2638
2638
2640
2641
2646
2649
2649
2649
2650
2651
2652
2654
2657
2657
2657
2658
2659
2659
2663
2663
2663
2664
2665
2666
2666
2669
2670
2672
2672
2673
2673
2674
2674
2674
2676
2677
2678
2678
2678
2678
2680
2680
2682
2683
2683
2684
2685
2685
2686
2687
2690
2690
2690
2691
2694
2696
2697
2701
2703
2703
2705
2706
2706
2707
2709
2710
2711
2711
2712
2713
2713
2714
2716
2719
2722
2723
2725
2726
2726
2726
2727
2727
2730
2730
2730
2730
2730
2731
2733
2735
2735
2736
2737
2738
2738
2739
2739
2739
2740
2741
2742
2745
2746
2747
2749
2749
2749
2754
2754
2754
2754
2755
2756
2756
2757
2759
2759
2759
2761
2763
2763
2764
2764
2765
2765
2768
2768
2768
2770
2770
2770
2772
2773
2773
2773
2776
2776
2776
2778
2779
2781
2782
2784
2785
2786
2787
2788
2788
2789
2790
2790
2791
2792
2792
2792
2793
2793
2793
2793
2794
2796
2796
2797
2798
2799
2800
2801
2802
2804
2805
2805
2805
2805
2805
2806
2806
2807
2808
2812
2814
2816
2817
2817
2818
2819
2819
2819
2821
2823
2826
2827
2829
2832
2832
2835
2836
2839
2840
2842
2842
2842
2845
2846
2847
2847
2848
2848
2849
2851
2852
2852
2853
2853
2853
2854
2855
2855
2855
2857
2857
2860
2860
2860
2860
2861
2862
2862
2863
2863
2866
2866
2868
2868
2869
2869
2870
2871
2871
2873
2873
2873
2874
2874
2874
2876
2877
2878
2880
2882
2882
2883
2886
2887
2888
2889
2890
2892
2894
2894
2895
2895
2896
2896
2896
2897
2898
2898
2902
2902
2903
2904
2906
2906
2909
2909
2910
2911
2911
2912
2913
2914
2915
2915
2918
2921
2923
2925
2926
2927
2927
2927
2927
2928
2929
2933
2935
2936
2936
2936
2937
2937
2938
2938
2940
2941
2941
2944
2946
2948
2948
2948
2949
2951
2951
2952
2952
2957
2961
2962
2963
2965
2967
2967
2969
2969
2970
2970
2970
2972
2973
2973
2975
2978
2980
2982
2983
2983
2984
2985
2988
2990
2990
2992
2994
2994
2994
2994
2995
2996
3001
3002
3003
3004
3004
3004
3006
3008
3008
3008
3008
3010
3010
3010
3012
3013
3014
3017
3018
3020
3020
3020
3021
3021
3022
3023
3023
3023
3024
3026
3026
3029
3029
3029
3030
3030
3033
3033
3033
3034
3034
3035
3038
3038
3040
3041
3044
3045
3046
3046
3048
3049
3049
3051
3051
3051
3051
3052
3053
3056
3056
3056
3056
3056
3058
3058
3059
3060
3061
3061
3066
3069
3069
3070
3070
3070
3071
3072
3072
3073
3074
3076
3076
3077
3077
3077
3078
3078
3080
3082
3088
3091
3091
3091
3092
3092
3093
3093
3093
3093
3094
3094
3096
3097
3097
3099
3100
3100
3102
3102
3104
3104
3104
3107
3107
3108
3110
3113
3114
3116
3117
3117
3118
3118
3118
3120
3121
3121
3123
3124
3125
3126
3127
3127
3128
3129
3129
3131
3132
3133
3133
3133
3134
3136
3138
3139
3140
3140
3140
3140
3141
3144
3147
3147
3151
3151
3152
3152
3153
3153
3153
3155
3156
3158
3159
3160
3160
3164
3164
3165
3166
3167
3167
3168
3171
3174
3174
3180
3181
3181
3182
3182
3182
3183
3184
3184
3184
3185
3185
3186
3187
3189
3189
3191
3192
3194
3196
3196
3198
3198
3200
3200
3200
3205
3206
3207
3207
3211
3213
3214
3215
3215
3215
3216
3217
3219
3221
3221
3223
3223
3226
3226
3227
3227
3229
3230
3230
3230
3232
3235
3235
3237
3237
3239
3239
3240
3242
3242
3243
3243
3243
3244
3244
3244
3244
3246
3247
3248
3249
3250
3250
3251
3251
3251
3251
3253
3253
3254
3257
3258
3258
3259
3261
3263
3264
3264
3264
3265
3266
3267
3271
3271
3273
3275
3276
3277
3279
3280
3281
3281
3282
3282
3282
3282
3284
3284
3284
3284
3286
3286
3288
3290
3290
3293
3293
3294
3294
3295
3297
3297
3298
3298
3299
3300
3301
3302
3302
3302
3302
3304
3307
3311
3313
3313
3313
3314
3314
3315
3315
3317
3317
3319
3319
3319
3320
3322
3323
3324
3325
3325
3329
3330
3331
3332
3332
3333
3333
3334
3334
3335
3335
3336
3338
3338
3339
3343
3344
3344
3347
3348
3349
3349
3349
3349
3351
3351
3351
3352
3353
3353
3354
3359
3361
3361
3362
3362
3363
3363
3366
3366
3370
3372
3372
3373
3373
3374
3375
3375
3376
3376
3377
3378
3379
3380
3380
3382
3383
3384
3387
3388
3389
3389
3389
3391
3391
3391
3391
3392
3393
3394
3396
3399
3400
3402
3403
3404
3406
3407
3408
3408
3411
3411
3412
3412
3412
3412
3416
3416
3416
3417
3417
3419
3420
3421
3422
3422
3423
3424
3428
3432
3433
3433
3434
3434
3436
3436
3437
3438
3438
3438
3439
3440
3440
3441
3441
3442
3442
3442
3442
3443
3444
3445
3446
3447
3447
3448
3451
3451
3451
3453
3455
3455
3455
3455
3458
3458
3459
3462
3464
3464
3464
3465
3465
3465
3465
3466
3466
3467
3468
3469
3471
3471
3472
3475
3476
3477
3477
3479
3479
3479
3480
3481
3485
3488
3489
3489
3491
3492
3492
3493
3494
3494
3496
3498
3499
3500
3502
3503
3503
3504
3504
3504
3506
3507
3507
3508
3509
3509
3510
3511
3511
3514
3514
3515
3515
3517
3518
3518
3518
3519
3522
3522
3523
3524
3524
3525
3525
3528
3528
3528
3529
3531
3532
3534
3534
3534
3538
3540
3542
3544
3544
3545
3545
3546
3547
3547
3547
3549
3551
3553
3556
3557
3557
3560
3561
3561
3562
3562
3562
3563
3563
3564
3567
3571
3572
3574
3575
3575
3576
3578
3579
3580
3580
3582
3583
3583
3583
3584
3585
3585
3587
3588
3588
3589
3589
3590
3593
3594
3595
3595
3595
3597
3600
3601
3601
3603
3603
3603
3605
3606
3606
3608
3608
3608
3608
3609
3610
3611
3611
3612
3613
3614
3616
3617
3617
3618
3622
3623
3624
3625
3626
3626
3627
3627
3627
3627
3629
3629
3630
3632
3633
3633
3634
3635
3635
3635
3635
3636
3636
3639
3640
3641
3641
3642
3643
3644
3646
3647
3649
3650
3651
3651
3651
3651
3652
3653
3653
3653
3654
3656
3656
3656
3656
3656
3656
3657
3657
3658
3660
3664
3664
3665
3666
3666
3667
3667
3668
3669
3671
3671
3672
3673
3674
3674
3675
3676
3677
3677
3677
3680
3682
3682
3682
3683
3684
3686
3686
3688
3689
3689
3690
3691
3692
3693
3693
3694
3695
3696
3699
3700
3702
3702
3703
3703
3704
3705
3705
3707
3707
3708
3710
3713
3713
3714
3714
3715
3715
3719
3719
3719
3719
3720
3720
3720
3721
3721
3722
3723
3725
3725
3730
3731
3731
3731
3733
3733
3733
3735
3735
3737
3739
3739
3739
3740
3741
3741
3741
3743
3743
3744
3744
3745
3746
3746
3747
3748
3748
3749
3749
3750
3750
3751
3751
3754
3754
3754
3755
3755
3756
3757
3758
3759
3760
3762
3763
3764
3765
3766
3769
3770
3770
3771
3772
3774
3776
3776
3776
3778
3781
3782
3783
3784
3786
3787
3789
3789
3790
3790
3790
3790
3791
3793
3793
3794
3794
3794
3795
3797
3798
3800
3800
3801
3801
3802
3803
3803
3803
3804
3807
3810
3813
3813
3813
3814
3814
3815
3815
3815
3820
3823
3823
3824
3826
3826
3826
3827
3828
3829
3830
3830
3831
3831
3831
3832
3834
3836
3836
3837
3837
3839
3840
3841
3843
3845
3846
3848
3849
3850
3850
3851
3853
3853
3855
3856
3858
3858
3858
3860
3860
3860
3861
3862
3863
3863
3864
3865
3866
3866
3867
3868
3870
3872
3872
3872
3875
3876
3878
3878
3879
3880
3880
3881
3881
3882
3883
3883
3888
3888
3889
3889
3889
3890
3891
3891
3891
3894
3895
3897
3897
3898
3899
3904
3904
3906
3908
3909
3909
3910
3911
3911
3913
3913
3915
3915
3916
3917
3917
3918
3921
3921
3922
3922
3923
3924
3925
3925
3926
3926
3928
3929
3929
3930
3931
3933
3935
3936
3936
3937
3937
3938
3939
3940
3940
3941
3942
3943
3944
3944
3944
3944
3946
3948
3949
3950
3951
3951
3951
3952
3954
3955
3956
3956
3956
3960
3960
3960
3963
3963
3964
3965
3968
3968
3969
3971
3971
3972
3973
3975
3975
3975
3976
3976
3978
3979
3979
3980
3981
3982
3982
3983
3984
3985
3986
3986
3987
3988
3991
3991
3992
3992
3992
3993
3997
3997
3998
3998
3999
4000
4000
4001
4001
4002
4004
4005
4006
4007
4007
4007
4007
4009
4009
4010
4012
4013
4013
4014
4015
4015
4015
4016
4017
4017
4018
4018
4019
4020
4020
4021
4022
4025
4027
4028
4030
4031
4031
4031
4031
4032
4033
4034
4035
4036
4036
4036
4036
4037
4037
4037
4039
4039
4041
4041
4042
4043
4044
4044
4044
4045
4046
4047
4047
4047
4048
4051
4052
4052
4054
4057
4057
4058
4059
4062
4063
4064
4066
4066
4067
4067
4067
4068
4068
4069
4074
4075
4076
4077
4079
4079
4079
4080
4080
4080
4082
4084
4089
4090
4091
4091
4092
4093
4093
4094
4095
4095
4097
4097
4097
4097
4099
4100
4100
4100
4101
4104
4104
4105
4105
4106
4106
4106
4106
4107
4107
4108
4108
4109
4111
4117
4117
4119
4119
4121
4122
4123
4124
4124
4124
4131
4132
4132
4132
4132
4133
4134
4134
4135
4137
4138
4140
4140
4141
4142
4142
4143
4144
4144
4146
4147
4147
4148
4151
4152
4152
4155
4155
4155
4157
4158
4158
4162
4162
4164
4164
4165
4166
4172
4172
4173
4173
4174
4175
4176
4176
4176
4176
4177
4178
4179
4180
4182
4182
4184
4184
4185
4185
4191
4192
4192
4193
4193
4193
4195
4198
4199
4199
4201
4202
4202
4202
4204
4207
4208
4209
4210
4210
4210
4212
4213
4215
4216
4216
4216
4217
4217
4218
4218
4218
4219
4219
4220
4220
4220
4222
4223
4224
4225
4226
4226
4227
4231
4232
4232
4234
4234
4236
4236
4237
4237
4239
4239
4239
4243
4243
4243
4243
4243
4243
4244
4244
4245
4247
4248
4248
4249
4251
4251
4252
4252
4253
4254
4255
4255
4255
4256
4256
4257
4260
4260
4261
4262
4262
4264
4265
4265
4266
4266
4266
4267
4267
4267
4268
4268
4268
4272
4274
4276
4276
4277
4278
4278
4279
4279
4280
4281
4285
4288
4288
4288
4289
4290
4291
4293
4296
4297
4298
4298
4298
4303
4305
4305
4306
4307
4312
4312
4315
4316
4316
4317
4320
4320
4322
4323
4323
4323
4323
4325
4327
4330
4332
4333
4333
4333
4334
4334
4336
4337
4338
4340
4340
4341
4342
4343
4344
4345
4345
4346
4349
4350
4350
4351
4351
4351
4352
4352
4353
4355
4355
4359
4362
4363
4363
4363
4370
4371
4372
4372
4373
4374
4376
4377
4377
4378
4380
4380
4384
4384
4387
4387
4388
4389
4389
4389
4389
4391
4392
4393
4395
4396
4398
4398
4398
4399
4400
4400
4403
4405
4405
4406
4407
4407
4409
4409
4409
4409
4410
4411
4411
4412
4413
4414
4415
4419
4419
4419
4420
4421
4421
4421
4422
4422
4422
4422
4423
4424
4425
4426
4426
4426
4427
4427
4428
4428
4429
4429
4429
4430
4430
4434
4434
4435
4437
4437
4438
4439
4439
4440
4440
4442
4442
4443
4443
4444
4444
4444
4448
4448
4449
4453
4454
4458
4459
4460
4461
4461
4461
4462
4462
4463
4464
4464
4465
4465
4466
4466
4467
4467
4468
4469
4472
4473
4474
4474
4476
4478
4479
4480
4482
4482
4485
4488
4489
4489
4491
4495
4495
4496
4496
4497
4498
4499
4499
4502
4502
4505
4505
4505
4506
4506
4508
4508
4509
4512
4515
4515
4516
4516
4516
4519
4519
4521
4522
4523
4524
4525
4526
4526
4530
4530
4531
4532
4532
4533
4535
4535
4536
4536
4537
4537
4538
4538
4539
4540
4541
4541
4541
4542
4542
4543
4545
4545
4547
4549
4549
4549
4550
4550
4551
4551
4551
4552
4552
4553
4553
4553
4553
4554
4555
4556
4556
4558
4558
4559
4560
4561
4561
4562
4563
4563
4565
4566
4566
4567
4567
4567
4567
4568
4569
4569
4571
4574
4574
4574
4575
4575
4578
4579
4581
4582
4583
4583
4585
4586
4586
4586
4589
4591
4592
4592
4592
4593
4593
4594
4594
4594
4595
4596
4598
4598
4599
4603
4604
4610
4612
4613
4614
4614
4616
4617
4617
4620
4621
4621
4622
4622
4624
4624
4625
4626
4626
4627
4628
4628
4630
4631
4632
4633
4633
4633
4634
4635
4636
4636
4638
4638
4640
4640
4641
4641
4642
4643
4643
4643
4645
4646
4648
4649
4649
4653
4654
4656
4656
4657
4659
4659
4659
4660
4661
4663
4664
4665
4665
4666
4667
4667
4669
4669
4669
4671
4672
4674
4674
4676
4676
4677
4678
4679
4680
4680
4680
4680
4682
4682
4684
4686
4686
4687
4687
4687
4690
4691
4692
4692
4693
4695
4696
4697
4697
4698
4699
4701
4704
4705
4706
4707
4707
4708
4708
4708
4709
4710
4711
4711
4711
4712
4712
4713
4713
4713
4714
4715
4715
4715
4716
4716
4716
4719
4719
4719
4719
4720
4720
4722
4722
4723
4725
4725
4727
4727
4727
4728
4732
4733
4733
4734
4734
4735
4736
4736
4737
4738
4738
4738
4738
4740
4740
4741
4741
4743
4743
4744
4744
4745
4746
4746
4747
4747
4748
4750
4751
4751
4751
4755
4757
4757
4757
4758
4759
4760
4761
4761
4761
4761
4762
4763
4765
4766
4767
4767
4767
4768
4768
4769
4771
4771
4774
4775
4776
4776
4776
4777
4778
4778
4778
4781
4782
4782
4782
4783
4784
4784
4785
4785
4785
4786
4787
4787
4787
4789
4789
4790
4791
4792
4793
4795
4797
4799
4801
4801
4801
4802
4803
4807
4809
4810
4811
4812
4814
4816
4817
4818
4818
4818
4818
4819
4820
4820
4821
4821
4824
4825
4825
4826
4826
4827
4830
4830
4830
4831
4833
4834
4836
4837
4837
4839
4840
4843
4843
4844
4846
4846
4846
4849
4849
4850
4850
4850
4851
4851
4852
4854
4854
4856
4856
4857
4857
4861
4862
4863
4864
4865
4865
4866
4866
4866
4867
4868
4868
4870
4870
4871
4874
4877
4878
4878
4879
4880
4881
4883
4883
4883
4884
4884
4884
4884
4886
4886
4886
4886
4888
4890
4891
4892
4894
4894
4894
4896
4899
4899
4900
4901
4903
4904
4904
4904
4905
4907
4907
4908
4909
4909
4911
4912
4914
4914
4915
4915
4916
4919
4920
4920
4924
4924
4924
4925
4926
4926
4929
4930
4930
4930
4932
4934
4935
4936
4936
4937
4937
4939
4939
4942
4942
4942
4943
4943
4946
4947
4949
4949
4951
4952
4955
4957
4959
4961
4961
4961
4962
4962
4962
4963
4964
4970
4970
4970
4971
4971
4973
4973
4974
4976
4978
4979
4980
4981
4982
4982
4983
4983
4984
4984
4985
4987
4987
4987
4988
4989
4990
4991
4992
4992
4993
4994
4994
4994
4995
4995
5000
5003
5004
5004
5007
5007
5007
5008
5009
5010
5011
5012
5013
5015
5015
5016
5018
5018
5018
5019
5020
5021
5021
5024
5025
5025
5026
5026
5026
5028
5028
5032
5033
5034
5034
5035
5035
5035
5035
5036
5037
5037
5037
5041
5041
5041
5041
5042
5042
5042
5042
5043
5043
5044
5044
5046
5046
5047
5047
5048
5048
5048
5048
5049
5050
5052
5053
5053
5054
5055
5057
5058
5059
5060
5062
5062
5065
5065
5067
5069
5069
5069
5071
5072
5073
5074
5076
5077
5080
5080
5083
5084
5085
5085
5087
5088
5088
5088
5088
5090
5091
5094
5094
5094
5094
5098
5098
5099
5100
5100
5100
5103
5104
5104
5105
5110
5111
5111
5112
5113
5114
5114
5114
5116
5117
5118
5120
5122
5123
5123
5124
5127
5129
5129
5130
5133
5133
5133
5136
5139
5140
5140
5142
5145
5146
5146
5148
5148
5148
5150
5150
5152
5154
5154
5155
5156
5157
5157
5159
5160
5160
5161
5161
5163
5163
5164
5167
5167
5169
5170
5171
5171
5172
5173
5174
5176
5176
5176
5177
5177
5178
5181
5181
5181
5181
5182
5184
5185
5185
5186
5188
5188
5188
5189
5189
5190
5191
5191
5192
5192
5193
5193
5194
5196
5197
5198
5198
5198
5200
5201
5201
5201
5202
5203
5204
5204
5206
5207
5208
5208
5210
5210
5211
5212
5213
5213
5214
5216
5216
5220
5220
5221
5222
5223
5227
5227
5228
5229
5229
5230
5232
5233
5234
5234
5235
5238
5238
5238
5245
5245
5245
5246
5246
5246
5247
5248
5249
5251
5253
5253
5254
5255
5255
5256
5257
5257
5259
5260
5262
5262
5262
5262
5262
5263
5264
5264
5265
5267
5267
5269
5269
5269
5270
5272
5272
5274
5276
5280
5282
5282
5283
5283
5283
5284
5284
5286
5286
5286
5287
5287
5288
5290
5291
5291
5291
5292
5294
5294
5295
5296
5297
5297
5298
5298
5301
5303
5303
5303
5305
5306
5306
5307
5307
5308
5308
5308
5309
5310
5311
5313
5313
5313
5314
5315
5316
5316
5317
5317
5317
5320
5320
5322
5322
5323
5325
5326
5327
5330
5331
5331
5332
5333
5333
5334
5334
5334
5335
5335
5335
5337
5337
5340
5340
5340
5341
5341
5341
5343
5344
5345
5345
5346
5346
5347
5347
5347
5348
5349
5350
5350
5351
5353
5353
5354
5357
5357
5359
5360
5360
5361
5362
5362
5364
5364
5365
5366
5367
5367
5367
5371
5373
5373
5374
5375
5377
5379
5379
5381
5382
5387
5390
5391
5392
5395
5397
5398
5400
5400
5400
5401
5402
5402
5402
5402
5403
5404
5404
5405
5406
5406
5409
5409
5411
5413
5415
5415
5416
5416
5418
5419
5419
5420
5420
5420
5421
5422
5422
5422
5423
5424
5424
5424
5425
5425
5426
5428
5429
5429
5430
5430
5431
5432
5432
5433
5437
5437
5437
5438
5438
5438
5438
5439
5442
5446
5446
5446
5447
5447
5451
5452
5452
5453
5453
5453
5457
5459
5459
5460
5460
5460
5461
5461
5463
5464
5465
5466
5469
5470
5472
5473
5473
5473
5475
5475
5475
5475
5478
5478
5479
5479
5480
5481
5481
5481
5482
5482
5484
5484
5485
5485
5486
5488
5491
5491
5491
5492
5493
5494
5495
5496
5497
5497
5498
5500
5502
5502
5503
5503
5504
5505
5506
5507
5507
5509
5509
5510
5511
5512
5512
5513
5514
5514
5515
5516
5516
5517
5520
5523
5523
5523
5527
5529
5529
5529
5531
5531
5537
5537
5538
5539
5539
5540
5541
5541
5542
5545
5545
5547
5547
5547
5548
5550
5550
5550
5551
5551
5552
5552
5552
5552
5552
5553
5553
5554
5554
5555
5556
5556
5556
5557
5558
5559
5560
5560
5561
5561
5562
5562
5562
5563
5563
5564
5565
5566
5568
5571
5572
5572
5573
5573
5574
5576
5577
5578
5578
5579
5581
5583
5584
5587
5588
5588
5589
5589
5591
5592
5593
5593
5594
5594
5595
5595
5595
5596
5597
5601
5601
5602
5606
5607
5608
5609
5611
5612
5613
5613
5614
5615
5618
5619
5619
5620
5620
5622
5623
5623
5624
5624
5625
5626
5627
5628
5629
5629
5630
5630
5633
5635
5636
5638
5638
5639
5640
5640
5640
5641
5641
5642
5646
5652
5653
5654
5654
5655
5655
5656
5656
5656
5658
5659
5660
5660
5660
5661
5662
5663
5664
5665
5667
5669
5669
5671
5671
5672
5672
5673
5674
5674
5674
5677
5678
5680
5681
5681
5682
5682
5682
5683
5684
5684
5684
5685
5685
5686
5687
5687
5688
5689
5690
5692
5693
5695
5695
5696
5697
5697
5699
5702
5704
5706
5707
5707
5708
5708
5708
5709
5709
5710
5713
5713
5716
5716
5717
5718
5721
5724
5724
5728
5731
5734
5734
5735
5738
5738
5738
5740
5741
5742
5743
5744
5746
5746
5746
5748
5750
5750
5751
5752
5753
5753
5754
5754
5754
5755
5757
5757
5759
5760
5762
5764
5765
5766
5766
5767
5767
5768
5769
5769
5770
5770
5770
5771
5773
5773
5774
5774
5775
5775
5776
5776
5777
5777
5778
5779
5779
5781
5783
5783
5784
5784
5785
5785
5785
5785
5787
5789
5790
5790
5791
5792
5793
5795
5796
5798
5799
5803
5803
5803
5805
5805
5805
5805
5806
5806
5809
5811
5814
5814
5815
5815
5815
5818
5820
5820
5821
5821
5824
5824
5825
5825
5826
5827
5827
5829
5829
5830
5831
5831
5831
5832
5833
5834
5834
5834
5836
5836
5840
5842
5842
5843
5845
5846
5846
5846
5848
5848
5848
5850
5850
5851
5851
5852
5852
5852
5853
5854
5854
5855
5859
5862
5862
5864
5864
5867
5867
5869
5871
5873
5874
5874
5875
5877
5878
5878
5878
5879
5879
5881
5881
5882
5882
5882
5884
5884
5885
5890
5893
5894
5895
5896
5896
5896
5896
5897
5898
5899
5900
5902
5903
5903
5903
5903
5904
5904
5905
5905
5906
5907
5909
5909
5910
5910
5914
5916
5916
5916
5917
5921
5922
5922
5923
5925
5925
5925
5926
5929
5931
5931
5932
5933
5935
5937
5937
5937
5938
5938
5939
5939
5940
5940
5940
5943
5943
5944
5945
5947
5947
5948
5948
5948
5949
5950
5951
5951
5954
5954
5955
5956
5956
5958
5959
5959
5959
5961
5961
5961
5962
5963
5964
5966
5966
5967
5967
5967
5970
5970
5972
5973
5973
5975
5975
5976
5978
5978
5978
5979
5982
5983
5984
5984
5985
5985
5985
5985
5991
5991
5991
5992
5993
5996
5998
5998
5998
5999
5999
6000
6001
6003
6005
6006
6006
6007
6008
6009
6010
6010
6013
6013
6017
6017
6018
6019
6020
6021
6023
6024
6027
6027
6031
6033
6034
6035
6036
6037
6038
6039
6040
6042
6042
6043
6043
6043
6043
6045
6047
6049
6049
6050
6051
6052
6053
6054
6055
6056
6057
6057
6060
6061
6061
6063
6063
6063
6063
6064
6066
6068
6068
6068
6069
6069
6069
6070
6070
6070
6071
6071
6071
6074
6074
6075
6076
6076
6076
6076
6079
6079
6080
6081
6081
6082
6083
6084
6084
6085
6086
6087
6089
6089
6090
6091
6092
6092
6093
6095
6095
6097
6097
6098
6098
6099
6099
6099
6099
6100
6102
6104
6104
6105
6107
6108
6108
6109
6109
6112
6113
6113
6113
6115
6116
6117
6118
6119
6119
6121
6122
6122
6126
6126
6127
6129
6129
6130
6131
6132
6134
6135
6136
6138
6138
6139
6139
6140
6140
6140
6142
6142
6142
6143
6144
6145
6146
6148
6148
6148
6149
6150
6150
6151
6151
6152
6152
6153
6154
6156
6158
6161
6161
6161
6165
6165
6166
6166
6167
6169
6169
6171
6171
6172
6172
6173
6175
6177
6177
6177
6178
6178
6178
6180
6185
6186
6186
6189
6189
6191
6192
6192
6193
6195
6196
6198
6199
6200
6202
6203
6207
6208
6210
6210
6210
6211
6216
6216
6217
6218
6218
6219
6219
6220
6220
6220
6222
6222
6223
6223
6225
6225
6226
6228
6230
6230
6230
6231
6233
6233
6234
6234
6234
6236
6238
6239
6240
6240
6241
6244
6244
6245
6245
6247
6248
6248
6249
6249
6249
6249
6250
6251
6252
6253
6254
6254
6255
6258
6258
6259
6260
6262
6262
6263
6264
6265
6266
6266
6267
6267
6268
6269
6269
6269
6271
6271
6271
6272
6272
6276
6277
6277
6278
6278
6279
6279
6279
6280
6280
6282
6282
6283
6283
6283
6284
6284
6284
6285
6286
6287
6287
6291
6291
6292
6293
6293
6294
6296
6296
6298
6298
6300
6300
6302
6304
6305
6305
6307
6308
6310
6310
6312
6316
6317
6318
6318
6319
6320
6320
6321
6321
6322
6322
6322
6325
6326
6327
6328
6328
6328
6332
6334
6334
6335
6336
6338
6338
6339
6339
6343
6343
6344
6345
6346
6347
6347
6348
6350
6350
6350
6351
6351
6355
6357
6358
6360
6362
6363
6364
6365
6365
6369
6370
6371
6372
6372
6374
6374
6376
6377
6377
6377
6380
6381
6381
6382
6382
6385
6386
6388
6390
6391
6392
6395
6395
6396
6396
6397
6398
6399
6401
6402
6403
6405
6405
6406
6407
6407
6407
6407
6407
6408
6409
6409
6409
6413
6413
6415
6415
6416
6416
6416
6417
6417
6417
6417
6418
6420
6422
6422
6424
6424
6426
6428
6428
6429
6430
6431
6435
6437
6437
6438
6439
6440
6441
6442
6443
6443
6444
6444
6445
6445
6446
6447
6447
6448
6449
6449
6449
6449
6449
6450
6450
6450
6450
6451
6452
6453
6455
6458
6459
6460
6461
6462
6462
6462
6462
6463
6463
6464
6464
6467
6470
6471
6473
6474
6476
6476
6476
6477
6477
6479
6482
6483
6483
6484
6484
6484
6484
6485
6486
6487
6487
6489
6489
6491
6492
6494
6495
6496
6497
6499
6500
6500
6501
6501
6506
6506
6507
6508
6508
6511
6514
6515
6516
6516
6517
6517
6518
6519
6521
6521
6525
6526
6527
6530
6530
6530
6530
6532
6532
6533
6533
6539
6539
6540
6540
6540
6540
6540
6542
6542
6543
6544
6544
6547
6547
6547
6549
6549
6550
6553
6554
6554
6555
6556
6557
6559
6561
6563
6563
6563
6565
6567
6567
6568
6568
6569
6570
6570
6572
6573
6574
6574
6575
6575
6575
6575
6576
6576
6577
6577
6578
6579
6579
6580
6580
6580
6582
6584
6585
6585
6586
6588
6589
6590
6590
6590
6590
6592
6593
6594
6594
6595
6595
6595
6596
6597
6597
6597
6601
6601
6602
6604
6605
6607
6608
6613
6614
6616
6616
6617
6617
6618
6619
6620
6621
6623
6623
6625
6625
6625
6626
6626
6626
6627
6628
6629
6629
6630
6630
6630
6631
6631
6631
6632
6632
6633
6634
6634
6636
6637
6638
6639
6640
6641
6641
6644
6645
6645
6646
6647
6647
6648
6649
6650
6652
6655
6655
6656
6656
6659
6659
6663
6665
6667
6667
6667
6671
6671
6672
6673
6674
6675
6676
6677
6678
6678
6679
6679
6682
6683
6683
6684
6687
6687
6689
6689
6691
6691
6692
6692
6694
6694
6694
6695
6698
6699
6699
6700
6700
6702
6702
6703
6704
6705
6705
6706
6706
6709
6710
6710
6711
6711
6713
6714
6714
6715
6715
6715
6715
6715
6716
6716
6716
6718
6719
6719
6720
6720
6721
6722
6724
6724
6724
6725
6726
6727
6728
6729
6729
6730
6730
6731
6732
6732
6733
6734
6736
6736
6736
6736
6738
6739
6739
6741
6742
6743
6743
6745
6746
6747
6748
6749
6749
6749
6750
6751
6752
6752
6753
6753
6753
6754
6755
6757
6757
6758
6758
6760
6762
6763
6763
6764
6764
6766
6766
6766
6767
6768
6772
6772
6773
6774
6774
6775
6776
6777
6778
6779
6780
6780
6780
6780
6783
6783
6783
6784
6784
6785
6786
6787
6788
6789
6790
6790
6792
6792
6794
6801
6803
6804
6804
6806
6806
6806
6807
6807
6808
6809
6810
6811
6813
6813
6814
6815
6816
6817
6818
6818
6819
6819
6820
6821
6821
6823
6824
6826
6828
6828
6829
6830
6831
6832
6834
6834
6835
6836
6837
6837
6838
6839
6840
6841
6843
6843
6844
6844
6845
6846
6846
6848
6850
6851
6852
6852
6853
6853
6855
6857
6857
6860
6860
6860
6863
6864
6865
6865
6865
6868
6868
6868
6869
6871
6871
6871
6871
6875
6878
6878
6878
6879
6880
6881
6881
6882
6882
6883
6883
6886
6888
6889
6891
6891
6892
6893
6895
6895
6900
6900
6901
6901
6902
6903
6904
6905
6905
6906
6908
6909
6909
6910
6911
6914
6916
6916
6919
6919
6919
6921
6922
6923
6923
6926
6927
6927
6929
6929
6932
6933
6933
6933
6936
6936
6937
6938
6939
6939
6939
6942
6943
6944
6944
6946
6948
6949
6949
6950
6952
6953
6953
6954
6954
6955
6958
6958
6958
6959
6960
6961
6964
6964
6965
6966
6967
6968
6969
6970
6972
6973
6974
6974
6975
6976
6977
6977
6977
6978
6978
6978
6978
6979
6980
6980
6981
6981
6982
6983
6983
6984
6985
6986
6989
6989
6990
6992
6992
6995
6995
6996
7002
7003
7005
7005
7006
7006
7007
7008
7009
7010
7011
7012
7012
7017
7018
7019
7019
7020
7021
7022
7022
7024
7025
7025
7026
7026
7026
7026
7027
7028
7030
7030
7031
7031
7032
7032
7033
7034
7037
7037
7038
7039
7039
7039
7040
7040
7040
7041
7042
7042
7043
7044
7044
7045
7046
7047
7049
7050
7050
7051
7051
7052
7053
7054
7054
7055
7055
7056
7059
7059
7059
7060
7061
7061
7062
7064
7064
7068
7068
7069
7071
7071
7073
7078
7078
7079
7081
7082
7082
7084
7084
7086
7088
7088
7088
7089
7089
7090
7090
7093
7097
7097
7098
7098
7099
7100
7100
7103
7103
7107
7108
7108
7109
7110
7110
7111
7111
7112
7112
7113
7113
7114
7114
7114
7115
7115
7115
7116
7117
7118
7119
7120
7120
7121
7123
7124
7124
7124
7125
7126
7127
7127
7127
7128
7128
7128
7130
7131
7133
7134
7135
7136
7137
7137
7139
7139
7140
7141
7142
7143
7143
7144
7144
7146
7149
7149
7152
7152
7152
7152
7154
7156
7157
7157
7157
7158
7158
7159
7161
7161
7163
7163
7164
7165
7166
7166
7167
7168
7169
7171
7171
7171
7172
7173
7173
7174
7176
7176
7176
7177
7178
7178
7181
7181
7182
7182
7183
7184
7185
7185
7185
7185
7188
7194
7195
7196
7197
7197
7197
7197
7198
7198
7199
7201
7201
7202
7202
7203
7204
7204
7204
7206
7206
7206
7206
7207
7208
7209
7209
7210
7213
7213
7215
7217
7220
7223
7223
7224
7225
7225
7225
7226
7227
7227
7229
7229
7230
7231
7231
7232
7235
7235
7235
7235
7236
7236
7237
7238
7239
7241
7241
7242
7243
7243
7243
7244
7245
7245
7246
7247
7248
7248
7251
7252
7253
7253
7254
7255
7255
7256
7256
7259
7259
7259
7260
7261
7262
7263
7263
7264
7265
7265
7273
7274
7275
7275
7275
7276
7277
7279
7279
7279
7280
7280
7281
7282
7285
7286
7287
7287
7288
7289
7290
7291
7291
7292
7292
7294
7296
7296
7297
7297
7297
7298
7298
7300
7300
7302
7303
7306
7306
7310
7311
7313
7314
7318
7318
7319
7320
7324
7325
7325
7325
7326
7326
7326
7327
7327
7328
7329
7329
7330
7330
7331
7331
7333
7334
7334
7336
7337
7337
7339
7340
7340
7341
7341
7343
7345
7346
7347
7347
7349
7351
7353
7354
7354
7356
7356
7358
7358
7359
7360
7360
7361
7363
7363
7364
7364
7365
7365
7366
7367
7367
7368
7369
7369
7370
7371
7372
7374
7374
7375
7375
7375
7376
7376
7377
7377
7377
7379
7381
7383
7385
7386
7386
7387
7388
7388
7389
7390
7391
7392
7392
7393
7394
7394
7395
7395
7396
7397
7398
7400
7401
7403
7405
7405
7406
7407
7407
7408
7411
7411
7411
7411
7413
7413
7413
7414
7414
7414
7414
7415
7416
7416
7417
7418
7418
7419
7420
7421
7421
7421
7421
7422
7422
7422
7423
7423
7425
7425
7427
7427
7428
7429
7431
7431
7433
7433
7434
7434
7435
7437
7437
7439
7439
7439
7441
7442
7443
7443
7445
7446
7446
7447
7447
7447
7448
7448
7449
7450
7453
7454
7456
7457
7458
7460
7460
7461
7463
7463
7465
7465
7465
7467
7468
7469
7469
7469
7471
7472
7475
7475
7477
7478
7479
7479
7481
7482
7483
7483
7485
7486
7486
7487
7488
7489
7491
7492
7493
7494
7496
7500
7501
7502
7504
7504
7505
7505
7507
7507
7508
7508
7508
7508
7510
7511
7511
7511
7512
7512
7513
7515
7515
7516
7516
7516
7516
7517
7517
7518
7518
7519
7521
7524
7525
7525
7527
7528
7529
7531
7531
7532
7533
7533
7535
7535
7535
7535
7537
7538
7538
7540
7540
7542
7546
7546
7548
7549
7549
7551
7551
7553
7553
7555
7555
7555
7556
7558
7559
7559
7560
7561
7561
7562
7562
7563
7564
7565
7565
7568
7568
7569
7570
7570
7570
7572
7573
7573
7574
7574
7575
7576
7577
7578
7578
7581
7582
7583
7585
7585
7585
7586
7586
7588
7589
7589
7590
7592
7592
7593
7593
7593
7594
7595
7598
7598
7598
7599
7600
7600
7600
7603
7604
7604
7605
7608
7608
7608
7609
7609
7610
7610
7612
7612
7613
7614
7616
7616
7616
7617
7618
7618
7618
7618
7619
7620
7621
7624
7625
7625
7626
7627
7631
7631
7632
7633
7633
7634
7636
7636
7636
7637
7637
7638
7638
7638
7638
7638
7640
7640
7641
7641
7641
7645
7646
7647
7647
7648
7648
7648
7649
7650
7650
7650
7651
7651
7652
7653
7654
7654
7655
7656
7656
7660
7660
7662
7662
7663
7663
7664
7664
7665
7665
7667
7667
7668
7670
7672
7674
7674
7676
7678
7679
7680
7681
7682
7682
7683
7683
7684
7685
7687
7687
7692
7693
7695
7696
7697
7697
7699
7700
7701
7701
7701
7703
7704
7705
7705
7710
7710
7712
7714
7715
7716
7717
7717
7717
7718
7718
7720
7721
7721
7721
7727
7728
7728
7729
7729
7730
7730
7730
7731
7731
7732
7732
7732
7733
7733
7734
7735
7736
7736
7739
7740
7740
7740
7742
7742
7743
7747
7747
7748
7748
7748
7749
7750
7750
7751
7751
7752
7753
7753
7754
7754
7756
7758
7758
7759
7760
7762
7763
7763
7763
7763
7764
7766
7767
7768
7768
7768
7768
7769
7769
7771
7772
7773
7773
7775
7776
7776
7776
7777
7778
7779
7780
7781
7783
7784
7787
7787
7787
7788
7789
7789
7789
7790
7790
7792
7793
7793
7795
7795
7797
7799
7799
7799
7802
7804
7804
7805
7807
7809
7809
7809
7809
7809
7811
7812
7812
7813
7813
7814
7815
7815
7816
7817
7818
7819
7820
7822
7822
7825
7826
7826
7827
7827
7827
7828
7828
7829
7831
7832
7832
7833
7834
7836
7837
7837
7837
7837
7837
7838
7838
7841
7841
7843
7843
7844
7846
7848
7849
7850
7850
7850
7851
7851
7853
7853
7854
7854
7856
7857
7857
7857
7858
7859
7859
7860
7860
7861
7862
7862
7862
7862
7866
7866
7866
7867
7868
7869
7869
7869
7870
7870
7871
7872
7872
7873
7874
7874
7874
7875
7875
7875
7878
7880
7880
7881
7882
7882
7882
7884
7884
7888
7891
7891
7891
7891
7893
7897
7899
7900
7900
7901
7901
7903
7905
7905
7905
7907
7911
7911
7912
7913
7914
7915
7915
7915
7916
7916
7916
7916
7916
7917
7923
7924
7925
7925
7926
7928
7928
7928
7928
7931
7931
7932
7932
7932
7935
7935
7938
7939
7939
7940
7941
7941
7942
7942
7945
7946
7948
7951
7951
7951
7953
7953
7954
7957
7958
7960
7963
7964
7964
7965
7966
7966
7967
7968
7968
7968
7970
7973
7973
7975
7977
7978
7978
7979
7979
7981
7982
7983
7984
7986
7986
7988
7989
7989
7990
7990
7992
7992
7992
7993
7994
7994
7994
7995
7995
7997
7997
7997
8003
8003
8006
8006
8009
8009
8010
8011
8012
8015
8015
8015
8016
8017
8018
8018
8019
8021
8023
8026
8027
8028
8029
8030
8030
8032
8033
8034
8036
8037
8037
8038
8039
8040
8044
8047
8047
8047
8048
8049
8050
8053
8054
8056
8056
8056
8056
8058
8059
8059
8060
8061
8061
8062
8063
8063
8065
8065
8065
8066
8067
8068
8071
8072
8075
8076
8078
8082
8082
8083
8083
8085
8085
8085
8085
8085
8085
8086
8086
8088
8090
8090
8090
8090
8090
8091
8091
8099
8099
8101
8102
8103
8105
8105
8105
8105
8105
8106
8107
8107
8108
8108
8108
8109
8109
8109
8110
8111
8111
8116
8119
8119
8120
8121
8122
8122
8123
8123
8124
8126
8126
8127
8128
8129
8129
8130
8130
8132
8132
8132
8133
8134
8134
8137
8137
8138
8140
8141
8141
8144
8145
8145
8145
8146
8148
8148
8149
8149
8150
8150
8150
8150
8151
8152
8156
8157
8157
8158
8159
8160
8162
8162
8164
8165
8166
8169
8169
8169
8170
8171
8171
8172
8173
8174
8175
8177
8177
8178
8179
8179
8180
8182
8182
8183
8184
8184
8185
8185
8188
8188
8189
8189
8190
8190
8190
8191
8191
8191
8192
8192
8194
8194
8195
8196
8196
8196
8197
8198
8198
8201
8201
8202
8203
8203
8204
8204
8205
8209
8209
8211
8212
8213
8213
8214
8216
8217
8217
8218
8219
8219
8222
8222
8223
8223
8224
8225
8225
8226
8227
8228
8229
8230
8230
8231
8235
8236
8236
8237
8238
8238
8240
8241
8242
8243
8246
8246
8247
8248
8250
8252
8254
8256
8256
8256
8256
8257
8258
8259
8259
8260
8262
8263
8264
8265
8265
8267
8268
8268
8269
8270
8271
8271
8272
8272
8272
8273
8274
8274
8276
8278
8279
8279
8279
8281
8281
8281
8282
8282
8283
8284
8284
8284
8284
8285
8285
8285
8287
8287
8287
8288
8288
8289
8289
8292
8294
8295
8295
8295
8295
8302
8304
8305
8305
8305
8306
8307
8310
8310
8311
8312
8313
8313
8313
8315
8315
8315
8317
8318
8319
8319
8319
8322
8323
8323
8323
8325
8326
8327
8327
8328
8330
8331
8331
8331
8332
8333
8336
8338
8339
8339
8339
8340
8340
8340
8341
8341
8342
8342
8345
8347
8347
8349
8350
8351
8353
8356
8357
8358
8358
8358
8359
8362
8363
8365
8365
8365
8365
8365
8366
8367
8367
8371
8371
8372
8373
8373
8373
8373
8374
8376
8377
8379
8379
8379
8381
8381
8382
8382
8386
8387
8387
8388
8389
8389
8390
8391
8391
8392
8392
8393
8393
8393
8394
8397
8399
8400
8400
8400
8401
8402
8402
8402
8403
8403
8405
8405
8406
8406
8408
8410
8411
8411
8412
8413
8413
8413
8414
8414
8415
8416
8416
8416
8418
8418
8419
8423
8423
8425
8425
8426
8426
8427
8428
8429
8431
8432
8432
8434
8434
8434
8434
8436
8437
8437
8439
8441
8441
8443
8446
8446
8447
8448
8449
8449
8449
8449
8452
8453
8454
8454
8458
8459
8460
8461
8462
8462
8466
8467
8468
8470
8472
8472
8473
8473
8474
8475
8475
8476
8477
8477
8477
8479
8480
8484
8485
8485
8486
8486
8486
8486
8486
8487
8487
8488
8488
8489
8489
8489
8491
8491
8492
8492
8493
8494
8495
8498
8499
8501
8503
8504
8505
8507
8509
8510
8510
8511
8512
8512
8513
8514
8515
8515
8516
8518
8521
8526
8526
8527
8527
8528
8529
8529
8531
8531
8533
8533
8533
8535
8536
8536
8537
8537
8537
8538
8541
8541
8543
8543
8544
8544
8544
8544
8545
8546
8547
8548
8549
8549
8550
8550
8550
8551
8552
8553
8554
8555
8556
8556
8558
8558
8560
8561
8561
8563
8567
8567
8574
8574
8575
8575
8577
8578
8581
8582
8583
8586
8587
8587
8589
8589
8589
8590
8591
8591
8592
8592
8592
8593
8595
8595
8597
8597
8597
8598
8598
8600
8601
8602
8602
8602
8602
8603
8604
8604
8605
8606
8606
8607
8608
8608
8608
8611
8614
8615
8616
8619
8619
8621
8623
8626
8628
8629
8629
8634
8636
8640
8640
8641
8642
8644
8644
8646
8647
8652
8654
8655
8657
8657
8660
8660
8660
8660
8661
8662
8663
8667
8668
8670
8671
8672
8673
8673
8674
8675
8676
8676
8676
8678
8679
8679
8679
8679
8680
8680
8680
8681
8682
8683
8685
8685
8687
8688
8688
8688
8691
8692
8693
8696
8697
8697
8699
8702
8702
8704
8704
8707
8709
8710
8712
8712
8712
8713
8713
8713
8714
8715
8716
8716
8716
8717
8717
8717
8720
8720
8720
8722
8723
8723
8724
8725
8725
8726
8728
8729
8730
8731
8731
8732
8733
8734
8735
8735
8735
8738
8738
8738
8739
8739
8739
8740
8740
8741
8741
8744
8746
8746
8746
8750
8750
8752
8752
8752
8753
8754
8755
8755
8757
8759
8761
8761
8762
8763
8763
8764
8764
8764
8765
8765
8766
8767
8768
8768
8770
8770
8771
8772
8773
8775
8775
8776
8776
8777
8778
8778
8778
8780
8780
8781
8781
8783
8784
8784
8785
8787
8787
8788
8789
8790
8790
8791
8791
8792
8794
8796
8796
8797
8800
8801
8802
8802
8803
8803
8803
8803
8803
8806
8806
8806
8807
8807
8809
8809
8810
8812
8813
8814
8816
8816
8817
8818
8818
8819
8819
8821
8821
8821
8823
8823
8823
8823
8824
8824
8825
8825
8825
8826
8831
8832
8832
8834
8834
8835
8837
8838
8842
8845
8846
8846
8847
8849
8849
8850
8850
8854
8854
8855
8857
8858
8859
8859
8860
8860
8861
8862
8864
8864
8864
8865
8865
8866
8870
8870
8873
8873
8874
8876
8879
8880
8881
8882
8883
8884
8885
8885
8887
8887
8889
8895
8896
8897
8898
8898
8899
8900
8901
8903
8903
8905
8905
8908
8909
8911
8911
8912
8913
8914
8915
8915
8915
8916
8920
8923
8923
8926
8926
8927
8929
8931
8931
8932
8932
8933
8933
8934
8935
8937
8938
8938
8939
8940
8940
8943
8943
8944
8945
8946
8946
8947
8949
8950
8951
8953
8953
8954
8955
8956
8958
8958
8960
8960
8963
8964
8965
8966
8968
8968
8969
8970
8971
8971
8972
8973
8973
8974
8975
8976
8976
8976
8977
8978
8978
8978
8982
8982
8983
8984
8985
8987
8987
8988
8989
8989
8989
8989
8990
8990
8990
8991
8991
8992
8992
8994
8995
8996
8996
8996
8997
8997
8999
8999
8999
9000
9002
9004
9006
9006
9007
9007
9007
9011
9011
9012
9014
9015
9015
9015
9018
9019
9020
9022
9023
9024
9026
9028
9028
9030
9031
9031
9032
9033
9034
9035
9035
9041
9042
9043
9044
9044
9045
9046
9048
9049
9049
9050
9050
9052
9053
9055
9056
9057
9057
9057
9064
9065
9068
9068
9069
9069
9070
9072
9073
9073
9075
9075
9076
9077
9078
9081
9082
9085
9085
9087
9087
9089
9089
9091
9091
9092
9092
9093
9096
9096
9100
9101
9101
9103
9103
9104
9105
9106
9106
9107
9108
9109
9111
9115
9116
9117
9118
9119
9121
9122
9122
9123
9123
9123
9124
9124
9124
9125
9126
9127
9127
9128
9129
9129
9129
9130
9131
9131
9131
9132
9133
9133
9134
9134
9135
9139
9139
9139
9139
9139
9141
9141
9141
9143
9143
9147
9147
9148
9148
9150
9150
9152
9154
9155
9156
9156
9157
9157
9157
9161
9165
9165
9165
9166
9166
9166
9166
9167
9168
9169
9169
9169
9170
9170
9174
9174
9175
9175
9176
9178
9178
9178
9178
9178
9179
9181
9181
9182
9183
9185
9187
9188
9188
9189
9189
9190
9194
9194
9195
9196
9196
9198
9198
9198
9199
9200
9201
9202
9203
9203
9204
9206
9206
9207
9208
9211
9213
9213
9214
9214
9215
9218
9219
9219
9221
9221
9221
9222
9222
9223
9223
9224
9225
9225
9226
9228
9230
9232
9233
9235
9236
9236
9236
9237
9237
9238
9239
9240
9240
9241
9241
9242
9242
9242
9245
9245
9245
9245
9246
9247
9248
9248
9248
9251
9251
9251
9252
9252
9253
9254
9254
9254
9254
9255
9256
9256
9257
9257
9257
9259
9259
9259
9261
9261
9262
9262
9266
9266
9266
9267
9267
9272
9273
9273
9273
9274
9275
9275
9275
9276
9278
9278
9279
9279
9281
9281
9281
9282
9282
9283
9287
9288
9288
9289
9290
9290
9291
9292
9293
9293
9294
9295
9295
9295
9296
9296
9297
9298
9298
9301
9303
9304
9305
9305
9307
9308
9309
9309
9310
9311
9311
9313
9313
9315
9315
9315
9315
9316
9316
9317
9318
9318
9320
9321
9322
9322
9323
9323
9325
9327
9327
9328
9329
9329
9330
9330
9331
9333
9333
9335
9336
9336
9337
9338
9338
9339
9340
9342
9343
9343
9347
9347
9348
9348
9348
9350
9351
9351
9351
9352
9353
9356
9358
9359
9359
9362
9362
9363
9365
9366
9366
9366
9367
9367
9367
9368
9370
9370
9371
9372
9372
9373
9373
9374
9376
9380
9382
9384
9384
9384
9385
9385
9388
9388
9388
9389
9389
9390
9390
9393
9394
9394
9396
9396
9396
9398
9398
9399
9400
9400
9401
9402
9402
9403
9405
9405
9407
9407
9407
9407
9408
9409
9411
9412
9412
9414
9418
9418
9418
9419
9421
9421
9421
9422
9425
9426
9426
9427
9427
9427
9431
9431
9432
9433
9436
9436
9437
9437
9439
9440
9440
9440
9441
9442
9443
9445
9446
9446
9447
9448
9448
9452
9452
9455
9456
9456
9458
9458
9460
9461
9463
9463
9465
9467
9468
9468
9468
9468
9468
9468
9469
9470
9470
9470
9471
9471
9472
9473
9475
9476
9482
9483
9483
9484
9484
9485
9485
9487
9488
9488
9489
9490
9490
9490
9497
9499
9499
